service_id,date,exception_type
2,20260126,1
2,20260202,1
2,20260209,1
2,20260216,1
2,20260223,1
2,20260302,1
2,20260309,1
2,20260316,1
2,20260323,1
2,20260120,1
2,20260127,1
2,20260203,1
2,20260210,1
2,20260217,1
2,20260224,1
2,20260303,1
2,20260310,1
2,20260317,1
2,20260324,1
2,20260121,1
2,20260128,1
2,20260204,1
2,20260211,1
2,20260218,1
2,20260225,1
2,20260304,1
2,20260311,1
2,20260318,1
2,20260325,1
2,20260122,1
2,20260129,1
2,20260205,1
2,20260212,1
2,20260219,1
2,20260226,1
2,20260305,1
2,20260312,1
2,20260319,1
2,20260326,1
2,20260123,1
2,20260130,1
2,20260206,1
2,20260213,1
2,20260220,1
2,20260227,1
2,20260306,1
2,20260313,1
2,20260320,1
2,20260327,1
11,20260202,1
11,20260203,1
11,20260204,1
11,20260205,1
11,20260206,1
13,20260209,1
13,20260216,1
13,20260223,1
13,20260302,1
13,20260309,1
13,20260316,1
13,20260323,1
13,20260210,1
13,20260217,1
13,20260224,1
13,20260303,1
13,20260310,1
13,20260317,1
13,20260324,1
13,20260211,1
13,20260218,1
13,20260225,1
13,20260304,1
13,20260311,1
13,20260318,1
13,20260325,1
13,20260212,1
13,20260219,1
13,20260226,1
13,20260305,1
13,20260312,1
13,20260319,1
13,20260326,1
13,20260213,1
13,20260220,1
13,20260227,1
13,20260306,1
13,20260313,1
13,20260320,1
13,20260327,1
37,20260126,1
37,20260209,1
37,20260216,1
37,20260223,1
37,20260302,1
37,20260309,1
37,20260316,1
37,20260323,1
37,20260120,1
37,20260127,1
37,20260210,1
37,20260217,1
37,20260224,1
37,20260303,1
37,20260310,1
37,20260317,1
37,20260324,1
37,20260121,1
37,20260128,1
37,20260211,1
37,20260218,1
37,20260225,1
37,20260304,1
37,20260311,1
37,20260318,1
37,20260325,1
37,20260122,1
37,20260129,1
37,20260212,1
37,20260219,1
37,20260226,1
37,20260305,1
37,20260312,1
37,20260319,1
37,20260326,1
37,20260123,1
37,20260130,1
37,20260213,1
37,20260220,1
37,20260227,1
37,20260306,1
37,20260313,1
37,20260320,1
37,20260327,1
67,20260123,1
67,20260130,1
67,20260213,1
67,20260220,1
67,20260227,1
67,20260306,1
67,20260313,1
67,20260320,1
67,20260327,1
84,20260206,1
110,20260123,1
110,20260130,1
110,20260206,1
110,20260213,1
110,20260220,1
110,20260227,1
110,20260306,1
110,20260313,1
110,20260320,1
110,20260327,1
117,20260209,1
117,20260216,1
117,20260223,1
117,20260302,1
117,20260309,1
117,20260316,1
117,20260323,1
117,20260210,1
117,20260217,1
117,20260224,1
117,20260303,1
117,20260310,1
117,20260317,1
117,20260324,1
117,20260211,1
117,20260218,1
117,20260225,1
117,20260304,1
117,20260311,1
117,20260318,1
117,20260325,1
117,20260212,1
117,20260219,1
117,20260226,1
117,20260305,1
117,20260312,1
117,20260319,1
117,20260326,1
118,20260213,1
118,20260220,1
118,20260227,1
118,20260306,1
118,20260313,1
118,20260320,1
118,20260327,1
120,20260126,1
120,20260120,1
120,20260127,1
120,20260121,1
120,20260128,1
120,20260122,1
120,20260129,1
128,20260126,1
128,20260202,1
128,20260209,1
128,20260216,1
128,20260223,1
128,20260302,1
128,20260309,1
128,20260316,1
128,20260323,1
128,20260330,1
128,20260406,1
128,20260413,1
128,20260420,1
128,20260427,1
128,20260120,1
128,20260127,1
128,20260203,1
128,20260210,1
128,20260217,1
128,20260224,1
128,20260303,1
128,20260310,1
128,20260317,1
128,20260324,1
128,20260331,1
128,20260407,1
128,20260414,1
128,20260421,1
128,20260428,1
128,20260121,1
128,20260128,1
128,20260204,1
128,20260211,1
128,20260218,1
128,20260225,1
128,20260304,1
128,20260311,1
128,20260318,1
128,20260325,1
128,20260401,1
128,20260408,1
128,20260415,1
128,20260422,1
128,20260429,1
128,20260122,1
128,20260129,1
128,20260205,1
128,20260212,1
128,20260219,1
128,20260226,1
128,20260305,1
128,20260312,1
128,20260319,1
128,20260326,1
128,20260402,1
128,20260409,1
128,20260416,1
128,20260423,1
128,20260430,1
128,20260123,1
128,20260130,1
128,20260206,1
128,20260213,1
128,20260220,1
128,20260227,1
128,20260306,1
128,20260313,1
128,20260320,1
128,20260327,1
128,20260403,1
128,20260410,1
128,20260417,1
128,20260424,1
128,20260124,1
128,20260131,1
128,20260207,1
128,20260214,1
128,20260221,1
128,20260228,1
128,20260307,1
128,20260314,1
128,20260321,1
128,20260328,1
128,20260404,1
128,20260411,1
128,20260418,1
128,20260425,1
128,20260125,1
128,20260201,1
128,20260208,1
128,20260215,1
128,20260222,1
128,20260301,1
128,20260308,1
128,20260315,1
128,20260322,1
128,20260329,1
128,20260405,1
128,20260412,1
128,20260419,1
128,20260426,1
144,20260406,1
144,20260403,1
144,20260124,1
144,20260131,1
144,20260207,1
144,20260214,1
144,20260221,1
144,20260228,1
144,20260307,1
144,20260314,1
144,20260321,1
144,20260328,1
144,20260404,1
144,20260411,1
144,20260418,1
144,20260425,1
144,20260125,1
144,20260201,1
144,20260208,1
144,20260215,1
144,20260222,1
144,20260301,1
144,20260308,1
144,20260315,1
144,20260322,1
144,20260329,1
144,20260405,1
144,20260412,1
144,20260419,1
144,20260426,1
145,20260406,1
145,20260403,1
145,20260125,1
145,20260201,1
145,20260208,1
145,20260215,1
145,20260222,1
145,20260301,1
145,20260308,1
145,20260315,1
145,20260322,1
145,20260329,1
145,20260405,1
145,20260412,1
145,20260419,1
145,20260426,1
148,20260126,1
148,20260202,1
148,20260209,1
148,20260216,1
148,20260223,1
148,20260302,1
148,20260309,1
148,20260316,1
148,20260323,1
148,20260330,1
148,20260413,1
148,20260420,1
148,20260427,1
148,20260120,1
148,20260127,1
148,20260203,1
148,20260210,1
148,20260217,1
148,20260224,1
148,20260303,1
148,20260310,1
148,20260317,1
148,20260324,1
148,20260331,1
148,20260407,1
148,20260414,1
148,20260421,1
148,20260428,1
148,20260121,1
148,20260128,1
148,20260204,1
148,20260211,1
148,20260218,1
148,20260225,1
148,20260304,1
148,20260311,1
148,20260318,1
148,20260325,1
148,20260401,1
148,20260408,1
148,20260415,1
148,20260422,1
148,20260429,1
148,20260122,1
148,20260129,1
148,20260205,1
148,20260212,1
148,20260219,1
148,20260226,1
148,20260305,1
148,20260312,1
148,20260319,1
148,20260326,1
148,20260402,1
148,20260409,1
148,20260416,1
148,20260423,1
148,20260430,1
148,20260123,1
148,20260130,1
148,20260206,1
148,20260213,1
148,20260220,1
148,20260227,1
148,20260306,1
148,20260313,1
148,20260320,1
148,20260327,1
148,20260410,1
148,20260417,1
148,20260424,1
150,20260123,1
150,20260130,1
150,20260206,1
150,20260213,1
150,20260220,1
150,20260227,1
150,20260306,1
150,20260313,1
150,20260320,1
150,20260327,1
150,20260410,1
150,20260417,1
150,20260424,1
150,20260124,1
150,20260131,1
150,20260207,1
150,20260214,1
150,20260221,1
150,20260228,1
150,20260307,1
150,20260314,1
150,20260321,1
150,20260328,1
150,20260404,1
150,20260411,1
150,20260418,1
150,20260425,1
162,20260126,1
162,20260202,1
162,20260209,1
162,20260216,1
162,20260223,1
162,20260302,1
162,20260309,1
162,20260316,1
162,20260323,1
162,20260330,1
162,20260413,1
162,20260420,1
162,20260427,1
162,20260120,1
162,20260127,1
162,20260203,1
162,20260210,1
162,20260217,1
162,20260224,1
162,20260303,1
162,20260310,1
162,20260317,1
162,20260324,1
162,20260331,1
162,20260407,1
162,20260414,1
162,20260421,1
162,20260428,1
162,20260121,1
162,20260128,1
162,20260204,1
162,20260211,1
162,20260218,1
162,20260225,1
162,20260304,1
162,20260311,1
162,20260318,1
162,20260325,1
162,20260401,1
162,20260408,1
162,20260415,1
162,20260422,1
162,20260429,1
162,20260122,1
162,20260129,1
162,20260205,1
162,20260212,1
162,20260219,1
162,20260226,1
162,20260305,1
162,20260312,1
162,20260319,1
162,20260326,1
162,20260402,1
162,20260409,1
162,20260416,1
162,20260423,1
162,20260430,1
162,20260123,1
162,20260130,1
162,20260206,1
162,20260213,1
162,20260220,1
162,20260227,1
162,20260306,1
162,20260313,1
162,20260320,1
162,20260327,1
162,20260410,1
162,20260417,1
162,20260424,1
162,20260124,1
162,20260131,1
162,20260207,1
162,20260214,1
162,20260221,1
162,20260228,1
162,20260307,1
162,20260314,1
162,20260321,1
162,20260328,1
162,20260404,1
162,20260411,1
162,20260418,1
162,20260425,1
450,20260126,1
450,20260209,1
450,20260216,1
450,20260223,1
450,20260302,1
450,20260309,1
450,20260316,1
450,20260323,1
450,20260413,1
450,20260420,1
450,20260427,1
450,20260120,1
450,20260127,1
450,20260210,1
450,20260217,1
450,20260224,1
450,20260303,1
450,20260310,1
450,20260317,1
450,20260324,1
450,20260414,1
450,20260421,1
450,20260428,1
450,20260121,1
450,20260128,1
450,20260211,1
450,20260218,1
450,20260225,1
450,20260304,1
450,20260311,1
450,20260318,1
450,20260325,1
450,20260415,1
450,20260422,1
450,20260429,1
450,20260122,1
450,20260129,1
450,20260212,1
450,20260219,1
450,20260226,1
450,20260305,1
450,20260312,1
450,20260319,1
450,20260326,1
450,20260416,1
450,20260423,1
450,20260430,1
450,20260123,1
450,20260130,1
450,20260213,1
450,20260220,1
450,20260227,1
450,20260306,1
450,20260313,1
450,20260320,1
450,20260327,1
450,20260417,1
450,20260424,1
466,20260413,1
466,20260420,1
466,20260427,1
466,20260414,1
466,20260421,1
466,20260428,1
466,20260415,1
466,20260422,1
466,20260429,1
466,20260416,1
466,20260423,1
466,20260430,1
466,20260417,1
466,20260424,1
513,20260126,1
513,20260202,1
513,20260209,1
513,20260120,1
513,20260127,1
513,20260203,1
513,20260210,1
513,20260121,1
513,20260128,1
513,20260204,1
513,20260211,1
513,20260122,1
513,20260129,1
513,20260205,1
513,20260212,1
513,20260123,1
513,20260130,1
513,20260206,1
513,20260213,1
517,20260126,1
517,20260202,1
517,20260209,1
517,20260120,1
517,20260127,1
517,20260203,1
517,20260210,1
517,20260121,1
517,20260128,1
517,20260204,1
517,20260211,1
517,20260122,1
517,20260129,1
517,20260205,1
517,20260212,1
517,20260123,1
517,20260130,1
517,20260206,1
517,20260213,1
517,20260124,1
517,20260131,1
517,20260207,1
517,20260214,1
517,20260125,1
517,20260201,1
517,20260208,1
517,20260215,1
518,20260124,1
518,20260131,1
518,20260207,1
518,20260214,1
518,20260125,1
518,20260201,1
518,20260208,1
518,20260215,1
767,20260208,1
893,20260124,1
893,20260131,1
893,20260207,1
893,20260214,1
893,20260221,1
893,20260228,1
893,20260307,1
893,20260314,1
893,20260321,1
893,20260125,1
893,20260201,1
893,20260208,1
893,20260215,1
893,20260222,1
893,20260301,1
893,20260308,1
893,20260315,1
893,20260322,1
894,20260124,1
894,20260131,1
894,20260207,1
894,20260214,1
894,20260221,1
894,20260228,1
894,20260307,1
894,20260314,1
894,20260321,1
895,20260125,1
895,20260201,1
895,20260208,1
895,20260215,1
895,20260222,1
895,20260301,1
895,20260308,1
895,20260315,1
895,20260322,1
986,20260202,1
986,20260203,1
986,20260204,1
986,20260205,1
1158,20260124,1
1158,20260131,1
1158,20260207,1
1158,20260214,1
1158,20260221,1
1158,20260228,1
1158,20260307,1
1158,20260314,1
1158,20260321,1
1158,20260328,1
1158,20260404,1
1158,20260411,1
1158,20260418,1
1158,20260425,1
1159,20260126,1
1159,20260202,1
1159,20260209,1
1159,20260216,1
1159,20260223,1
1159,20260302,1
1159,20260309,1
1159,20260316,1
1159,20260323,1
1159,20260330,1
1159,20260406,1
1159,20260413,1
1159,20260420,1
1159,20260427,1
1159,20260120,1
1159,20260127,1
1159,20260203,1
1159,20260210,1
1159,20260217,1
1159,20260224,1
1159,20260303,1
1159,20260310,1
1159,20260317,1
1159,20260324,1
1159,20260331,1
1159,20260407,1
1159,20260414,1
1159,20260421,1
1159,20260428,1
1159,20260121,1
1159,20260128,1
1159,20260204,1
1159,20260211,1
1159,20260218,1
1159,20260225,1
1159,20260304,1
1159,20260311,1
1159,20260318,1
1159,20260325,1
1159,20260401,1
1159,20260408,1
1159,20260415,1
1159,20260422,1
1159,20260429,1
1159,20260122,1
1159,20260129,1
1159,20260205,1
1159,20260212,1
1159,20260219,1
1159,20260226,1
1159,20260305,1
1159,20260312,1
1159,20260319,1
1159,20260326,1
1159,20260402,1
1159,20260409,1
1159,20260416,1
1159,20260423,1
1159,20260430,1
1159,20260123,1
1159,20260130,1
1159,20260206,1
1159,20260213,1
1159,20260220,1
1159,20260227,1
1159,20260306,1
1159,20260313,1
1159,20260320,1
1159,20260327,1
1159,20260403,1
1159,20260410,1
1159,20260417,1
1159,20260424,1
1159,20260125,1
1159,20260201,1
1159,20260208,1
1159,20260215,1
1159,20260222,1
1159,20260301,1
1159,20260308,1
1159,20260315,1
1159,20260322,1
1159,20260329,1
1159,20260405,1
1159,20260412,1
1159,20260419,1
1159,20260426,1
1230,20260330,1
1230,20260331,1
1230,20260407,1
1230,20260401,1
1230,20260408,1
1230,20260402,1
1230,20260409,1
1230,20260410,1
1906,20260126,1
1906,20260202,1
1906,20260209,1
1906,20260216,1
1906,20260223,1
1906,20260302,1
1906,20260309,1
1906,20260316,1
1906,20260323,1
1906,20260120,1
1906,20260127,1
1906,20260203,1
1906,20260210,1
1906,20260217,1
1906,20260224,1
1906,20260303,1
1906,20260310,1
1906,20260317,1
1906,20260324,1
1906,20260121,1
1906,20260128,1
1906,20260204,1
1906,20260211,1
1906,20260218,1
1906,20260225,1
1906,20260304,1
1906,20260311,1
1906,20260318,1
1906,20260325,1
1906,20260122,1
1906,20260129,1
1906,20260205,1
1906,20260212,1
1906,20260219,1
1906,20260226,1
1906,20260305,1
1906,20260312,1
1906,20260319,1
1906,20260326,1
1906,20260123,1
1906,20260130,1
1906,20260206,1
1906,20260213,1
1906,20260220,1
1906,20260227,1
1906,20260306,1
1906,20260313,1
1906,20260320,1
1906,20260327,1
1906,20260124,1
1906,20260131,1
1906,20260207,1
1906,20260214,1
1906,20260221,1
1906,20260228,1
1906,20260307,1
1906,20260314,1
1906,20260321,1
1906,20260125,1
1906,20260201,1
1906,20260208,1
1906,20260215,1
1906,20260222,1
1906,20260301,1
1906,20260308,1
1906,20260315,1
1906,20260322,1
1909,20260406,1
1909,20260403,1
1909,20260208,1
1909,20260215,1
1909,20260222,1
1909,20260301,1
1909,20260308,1
1909,20260315,1
1909,20260322,1
1909,20260329,1
1909,20260405,1
1909,20260412,1
1909,20260419,1
1909,20260426,1
1910,20260202,1
1910,20260209,1
1910,20260216,1
1910,20260223,1
1910,20260302,1
1910,20260309,1
1910,20260316,1
1910,20260323,1
1910,20260330,1
1910,20260413,1
1910,20260420,1
1910,20260427,1
1910,20260203,1
1910,20260210,1
1910,20260217,1
1910,20260224,1
1910,20260303,1
1910,20260310,1
1910,20260317,1
1910,20260324,1
1910,20260331,1
1910,20260407,1
1910,20260414,1
1910,20260421,1
1910,20260428,1
1910,20260204,1
1910,20260211,1
1910,20260218,1
1910,20260225,1
1910,20260304,1
1910,20260311,1
1910,20260318,1
1910,20260325,1
1910,20260401,1
1910,20260408,1
1910,20260415,1
1910,20260422,1
1910,20260429,1
1910,20260205,1
1910,20260212,1
1910,20260219,1
1910,20260226,1
1910,20260305,1
1910,20260312,1
1910,20260319,1
1910,20260326,1
1910,20260402,1
1910,20260409,1
1910,20260416,1
1910,20260423,1
1910,20260430,1
1910,20260206,1
1910,20260213,1
1910,20260220,1
1910,20260227,1
1910,20260306,1
1910,20260313,1
1910,20260320,1
1910,20260327,1
1910,20260410,1
1910,20260417,1
1910,20260424,1
1911,20260202,1
1911,20260209,1
1911,20260216,1
1911,20260223,1
1911,20260302,1
1911,20260309,1
1911,20260316,1
1911,20260323,1
1911,20260330,1
1911,20260406,1
1911,20260413,1
1911,20260420,1
1911,20260427,1
1911,20260203,1
1911,20260210,1
1911,20260217,1
1911,20260224,1
1911,20260303,1
1911,20260310,1
1911,20260317,1
1911,20260324,1
1911,20260331,1
1911,20260407,1
1911,20260414,1
1911,20260421,1
1911,20260428,1
1911,20260204,1
1911,20260211,1
1911,20260218,1
1911,20260225,1
1911,20260304,1
1911,20260311,1
1911,20260318,1
1911,20260325,1
1911,20260401,1
1911,20260408,1
1911,20260415,1
1911,20260422,1
1911,20260429,1
1911,20260205,1
1911,20260212,1
1911,20260219,1
1911,20260226,1
1911,20260305,1
1911,20260312,1
1911,20260319,1
1911,20260326,1
1911,20260402,1
1911,20260409,1
1911,20260416,1
1911,20260423,1
1911,20260430,1
1911,20260206,1
1911,20260213,1
1911,20260220,1
1911,20260227,1
1911,20260306,1
1911,20260313,1
1911,20260320,1
1911,20260327,1
1911,20260403,1
1911,20260410,1
1911,20260417,1
1911,20260424,1
1911,20260207,1
1911,20260214,1
1911,20260221,1
1911,20260228,1
1911,20260307,1
1911,20260314,1
1911,20260321,1
1911,20260328,1
1911,20260404,1
1911,20260411,1
1911,20260418,1
1911,20260425,1
1911,20260208,1
1911,20260215,1
1911,20260222,1
1911,20260301,1
1911,20260308,1
1911,20260315,1
1911,20260322,1
1911,20260329,1
1911,20260405,1
1911,20260412,1
1911,20260419,1
1911,20260426,1
1913,20260202,1
1913,20260209,1
1913,20260216,1
1913,20260223,1
1913,20260302,1
1913,20260309,1
1913,20260316,1
1913,20260323,1
1913,20260330,1
1913,20260413,1
1913,20260420,1
1913,20260427,1
1913,20260203,1
1913,20260210,1
1913,20260217,1
1913,20260224,1
1913,20260303,1
1913,20260310,1
1913,20260317,1
1913,20260324,1
1913,20260331,1
1913,20260407,1
1913,20260414,1
1913,20260421,1
1913,20260428,1
1913,20260204,1
1913,20260211,1
1913,20260218,1
1913,20260225,1
1913,20260304,1
1913,20260311,1
1913,20260318,1
1913,20260325,1
1913,20260401,1
1913,20260408,1
1913,20260415,1
1913,20260422,1
1913,20260429,1
1913,20260205,1
1913,20260212,1
1913,20260219,1
1913,20260226,1
1913,20260305,1
1913,20260312,1
1913,20260319,1
1913,20260326,1
1913,20260402,1
1913,20260409,1
1913,20260416,1
1913,20260423,1
1913,20260430,1
1913,20260206,1
1913,20260213,1
1913,20260220,1
1913,20260227,1
1913,20260306,1
1913,20260313,1
1913,20260320,1
1913,20260327,1
1913,20260410,1
1913,20260417,1
1913,20260424,1
1913,20260207,1
1913,20260214,1
1913,20260221,1
1913,20260228,1
1913,20260307,1
1913,20260314,1
1913,20260321,1
1913,20260328,1
1913,20260404,1
1913,20260411,1
1913,20260418,1
1913,20260425,1
1914,20260330,1
1914,20260406,1
1914,20260413,1
1914,20260420,1
1914,20260427,1
1914,20260331,1
1914,20260407,1
1914,20260414,1
1914,20260421,1
1914,20260428,1
1914,20260401,1
1914,20260408,1
1914,20260415,1
1914,20260422,1
1914,20260429,1
1914,20260402,1
1914,20260409,1
1914,20260416,1
1914,20260423,1
1914,20260430,1
1914,20260403,1
1914,20260410,1
1914,20260417,1
1914,20260424,1
1914,20260328,1
1914,20260404,1
1914,20260411,1
1914,20260418,1
1914,20260425,1
1914,20260329,1
1914,20260405,1
1914,20260412,1
1914,20260419,1
1914,20260426,1
1915,20260406,1
1915,20260403,1
1915,20260328,1
1915,20260404,1
1915,20260411,1
1915,20260418,1
1915,20260425,1
1915,20260329,1
1915,20260405,1
1915,20260412,1
1915,20260419,1
1915,20260426,1
1916,20260406,1
1916,20260403,1
1916,20260329,1
1916,20260405,1
1916,20260412,1
1916,20260419,1
1916,20260426,1
1917,20260330,1
1917,20260413,1
1917,20260420,1
1917,20260427,1
1917,20260331,1
1917,20260407,1
1917,20260414,1
1917,20260421,1
1917,20260428,1
1917,20260401,1
1917,20260408,1
1917,20260415,1
1917,20260422,1
1917,20260429,1
1917,20260402,1
1917,20260409,1
1917,20260416,1
1917,20260423,1
1917,20260430,1
1917,20260410,1
1917,20260417,1
1917,20260424,1
1918,20260328,1
1918,20260404,1
1918,20260411,1
1918,20260418,1
1918,20260425,1
1919,20260126,1
1919,20260202,1
1919,20260209,1
1919,20260216,1
1919,20260223,1
1919,20260302,1
1919,20260309,1
1919,20260316,1
1919,20260323,1
1919,20260120,1
1919,20260127,1
1919,20260203,1
1919,20260210,1
1919,20260217,1
1919,20260224,1
1919,20260303,1
1919,20260310,1
1919,20260317,1
1919,20260324,1
1919,20260121,1
1919,20260128,1
1919,20260204,1
1919,20260211,1
1919,20260218,1
1919,20260225,1
1919,20260304,1
1919,20260311,1
1919,20260318,1
1919,20260325,1
1919,20260122,1
1919,20260129,1
1919,20260205,1
1919,20260212,1
1919,20260219,1
1919,20260226,1
1919,20260305,1
1919,20260312,1
1919,20260319,1
1919,20260326,1
1919,20260123,1
1919,20260130,1
1919,20260206,1
1919,20260213,1
1919,20260220,1
1919,20260227,1
1919,20260306,1
1919,20260313,1
1919,20260320,1
1919,20260327,1
1919,20260124,1
1919,20260131,1
1919,20260207,1
1919,20260214,1
1919,20260221,1
1919,20260228,1
1919,20260307,1
1919,20260314,1
1919,20260321,1
1920,20260330,1
1920,20260413,1
1920,20260420,1
1920,20260427,1
1920,20260331,1
1920,20260407,1
1920,20260414,1
1920,20260421,1
1920,20260428,1
1920,20260401,1
1920,20260408,1
1920,20260415,1
1920,20260422,1
1920,20260429,1
1920,20260402,1
1920,20260409,1
1920,20260416,1
1920,20260423,1
1920,20260430,1
1920,20260410,1
1920,20260417,1
1920,20260424,1
1920,20260328,1
1920,20260404,1
1920,20260411,1
1920,20260418,1
1920,20260425,1
1921,20260123,1
1921,20260130,1
1921,20260206,1
1921,20260213,1
1921,20260220,1
1921,20260227,1
1921,20260306,1
1921,20260313,1
1921,20260320,1
1921,20260327,1
1921,20260124,1
1921,20260131,1
1921,20260207,1
1921,20260214,1
1921,20260221,1
1921,20260228,1
1921,20260307,1
1921,20260314,1
1921,20260321,1
1922,20260126,1
1922,20260202,1
1922,20260209,1
1922,20260216,1
1922,20260223,1
1922,20260302,1
1922,20260309,1
1922,20260316,1
1922,20260323,1
1922,20260120,1
1922,20260127,1
1922,20260203,1
1922,20260210,1
1922,20260217,1
1922,20260224,1
1922,20260303,1
1922,20260310,1
1922,20260317,1
1922,20260324,1
1922,20260121,1
1922,20260128,1
1922,20260204,1
1922,20260211,1
1922,20260218,1
1922,20260225,1
1922,20260304,1
1922,20260311,1
1922,20260318,1
1922,20260325,1
1922,20260122,1
1922,20260129,1
1922,20260205,1
1922,20260212,1
1922,20260219,1
1922,20260226,1
1922,20260305,1
1922,20260312,1
1922,20260319,1
1922,20260326,1
1922,20260123,1
1922,20260130,1
1922,20260206,1
1922,20260213,1
1922,20260220,1
1922,20260227,1
1922,20260306,1
1922,20260313,1
1922,20260320,1
1922,20260327,1
1922,20260125,1
1922,20260201,1
1922,20260208,1
1922,20260215,1
1922,20260222,1
1922,20260301,1
1922,20260308,1
1922,20260315,1
1922,20260322,1
1923,20260126,1
1923,20260202,1
1923,20260209,1
1923,20260216,1
1923,20260223,1
1923,20260302,1
1923,20260309,1
1923,20260316,1
1923,20260323,1
1923,20260120,1
1923,20260127,1
1923,20260203,1
1923,20260210,1
1923,20260217,1
1923,20260224,1
1923,20260303,1
1923,20260310,1
1923,20260317,1
1923,20260324,1
1923,20260121,1
1923,20260128,1
1923,20260204,1
1923,20260211,1
1923,20260218,1
1923,20260225,1
1923,20260304,1
1923,20260311,1
1923,20260318,1
1923,20260325,1
1923,20260122,1
1923,20260129,1
1923,20260205,1
1923,20260212,1
1923,20260219,1
1923,20260226,1
1923,20260305,1
1923,20260312,1
1923,20260319,1
1923,20260326,1
1923,20260125,1
1923,20260201,1
1923,20260208,1
1923,20260215,1
1923,20260222,1
1923,20260301,1
1923,20260308,1
1923,20260315,1
1923,20260322,1
1924,20260126,1
1924,20260202,1
1924,20260209,1
1924,20260216,1
1924,20260223,1
1924,20260302,1
1924,20260309,1
1924,20260316,1
1924,20260323,1
1924,20260120,1
1924,20260127,1
1924,20260203,1
1924,20260210,1
1924,20260217,1
1924,20260224,1
1924,20260303,1
1924,20260310,1
1924,20260317,1
1924,20260324,1
1924,20260121,1
1924,20260128,1
1924,20260204,1
1924,20260211,1
1924,20260218,1
1924,20260225,1
1924,20260304,1
1924,20260311,1
1924,20260318,1
1924,20260325,1
1924,20260122,1
1924,20260129,1
1924,20260205,1
1924,20260212,1
1924,20260219,1
1924,20260226,1
1924,20260305,1
1924,20260312,1
1924,20260319,1
1924,20260326,1
1926,20260330,1
1926,20260406,1
1926,20260413,1
1926,20260420,1
1926,20260427,1
1926,20260331,1
1926,20260407,1
1926,20260414,1
1926,20260421,1
1926,20260428,1
1926,20260401,1
1926,20260408,1
1926,20260415,1
1926,20260422,1
1926,20260429,1
1926,20260402,1
1926,20260409,1
1926,20260416,1
1926,20260423,1
1926,20260430,1
1926,20260403,1
1926,20260410,1
1926,20260417,1
1926,20260424,1
1926,20260329,1
1926,20260405,1
1926,20260412,1
1926,20260419,1
1926,20260426,1
1927,20260410,1
1927,20260417,1
1927,20260424,1
1927,20260328,1
1927,20260404,1
1927,20260411,1
1927,20260418,1
1927,20260425,1
1928,20260330,1
1928,20260413,1
1928,20260420,1
1928,20260427,1
1928,20260331,1
1928,20260407,1
1928,20260414,1
1928,20260421,1
1928,20260428,1
1928,20260401,1
1928,20260408,1
1928,20260415,1
1928,20260422,1
1928,20260429,1
1928,20260402,1
1928,20260409,1
1928,20260416,1
1928,20260423,1
1928,20260430,1
1929,20260410,1
1929,20260417,1
1929,20260424,1
1935,20260330,1
1935,20260406,1
1935,20260413,1
1935,20260420,1
1935,20260427,1
1935,20260331,1
1935,20260407,1
1935,20260414,1
1935,20260421,1
1935,20260428,1
1935,20260401,1
1935,20260408,1
1935,20260415,1
1935,20260422,1
1935,20260429,1
1935,20260402,1
1935,20260409,1
1935,20260416,1
1935,20260423,1
1935,20260430,1
1935,20260403,1
1935,20260329,1
1935,20260405,1
1935,20260412,1
1935,20260419,1
1935,20260426,1
1936,20260208,1
1936,20260215,1
1936,20260222,1
1936,20260301,1
1936,20260308,1
1936,20260315,1
1936,20260322,1
1937,20260202,1
1937,20260209,1
1937,20260216,1
1937,20260223,1
1937,20260302,1
1937,20260309,1
1937,20260316,1
1937,20260323,1
1937,20260203,1
1937,20260210,1
1937,20260217,1
1937,20260224,1
1937,20260303,1
1937,20260310,1
1937,20260317,1
1937,20260324,1
1937,20260204,1
1937,20260211,1
1937,20260218,1
1937,20260225,1
1937,20260304,1
1937,20260311,1
1937,20260318,1
1937,20260325,1
1937,20260205,1
1937,20260212,1
1937,20260219,1
1937,20260226,1
1937,20260305,1
1937,20260312,1
1937,20260319,1
1937,20260326,1
1937,20260206,1
1937,20260213,1
1937,20260220,1
1937,20260227,1
1937,20260306,1
1937,20260313,1
1937,20260320,1
1937,20260327,1
1937,20260207,1
1937,20260214,1
1937,20260221,1
1937,20260228,1
1937,20260307,1
1937,20260314,1
1937,20260321,1
1937,20260208,1
1937,20260215,1
1937,20260222,1
1937,20260301,1
1937,20260308,1
1937,20260315,1
1937,20260322,1
1938,20260207,1
1938,20260214,1
1938,20260221,1
1938,20260228,1
1938,20260307,1
1938,20260314,1
1938,20260321,1
1938,20260208,1
1938,20260215,1
1938,20260222,1
1938,20260301,1
1938,20260308,1
1938,20260315,1
1938,20260322,1
1941,20260221,1
1941,20260228,1
1941,20260307,1
1941,20260314,1
1941,20260321,1
1941,20260222,1
1941,20260301,1
1941,20260308,1
1941,20260315,1
1941,20260322,1
1942,20260125,1
1942,20260201,1
1942,20260208,1
1942,20260215,1
1943,20260222,1
1943,20260301,1
1943,20260308,1
1943,20260315,1
1943,20260322,1
1946,20260124,1
1946,20260131,1
1946,20260207,1
1946,20260214,1
1947,20260221,1
1947,20260228,1
1947,20260307,1
1947,20260314,1
1947,20260321,1
1948,20260202,1
1948,20260209,1
1948,20260216,1
1948,20260223,1
1948,20260302,1
1948,20260309,1
1948,20260316,1
1948,20260323,1
1948,20260203,1
1948,20260210,1
1948,20260217,1
1948,20260224,1
1948,20260303,1
1948,20260310,1
1948,20260317,1
1948,20260324,1
1948,20260204,1
1948,20260211,1
1948,20260218,1
1948,20260225,1
1948,20260304,1
1948,20260311,1
1948,20260318,1
1948,20260325,1
1948,20260205,1
1948,20260212,1
1948,20260219,1
1948,20260226,1
1948,20260305,1
1948,20260312,1
1948,20260319,1
1948,20260326,1
1948,20260206,1
1948,20260213,1
1948,20260220,1
1948,20260227,1
1948,20260306,1
1948,20260313,1
1948,20260320,1
1948,20260327,1
1949,20260207,1
1949,20260214,1
1949,20260221,1
1949,20260228,1
1949,20260307,1
1949,20260314,1
1949,20260321,1
1956,20260202,1
1956,20260209,1
1956,20260216,1
1956,20260223,1
1956,20260302,1
1956,20260309,1
1956,20260316,1
1956,20260323,1
1956,20260203,1
1956,20260210,1
1956,20260217,1
1956,20260224,1
1956,20260303,1
1956,20260310,1
1956,20260317,1
1956,20260324,1
1956,20260204,1
1956,20260211,1
1956,20260218,1
1956,20260225,1
1956,20260304,1
1956,20260311,1
1956,20260318,1
1956,20260325,1
1956,20260205,1
1956,20260212,1
1956,20260219,1
1956,20260226,1
1956,20260305,1
1956,20260312,1
1956,20260319,1
1956,20260326,1
1956,20260206,1
1956,20260213,1
1956,20260220,1
1956,20260227,1
1956,20260306,1
1956,20260313,1
1956,20260320,1
1956,20260327,1
1956,20260207,1
1956,20260214,1
1956,20260221,1
1956,20260228,1
1956,20260307,1
1956,20260314,1
1956,20260321,1
1977,20260126,1
1977,20260202,1
1977,20260209,1
1977,20260120,1
1977,20260127,1
1977,20260203,1
1977,20260210,1
1977,20260121,1
1977,20260128,1
1977,20260204,1
1977,20260211,1
1977,20260122,1
1977,20260129,1
1977,20260205,1
1977,20260212,1
1977,20260123,1
1977,20260130,1
1977,20260206,1
1977,20260213,1
1977,20260124,1
1977,20260131,1
1977,20260207,1
1977,20260214,1
1978,20260216,1
1978,20260223,1
1978,20260302,1
1978,20260309,1
1978,20260316,1
1978,20260323,1
1978,20260217,1
1978,20260224,1
1978,20260303,1
1978,20260310,1
1978,20260317,1
1978,20260324,1
1978,20260218,1
1978,20260225,1
1978,20260304,1
1978,20260311,1
1978,20260318,1
1978,20260325,1
1978,20260219,1
1978,20260226,1
1978,20260305,1
1978,20260312,1
1978,20260319,1
1978,20260326,1
1978,20260220,1
1978,20260227,1
1978,20260306,1
1978,20260313,1
1978,20260320,1
1978,20260327,1
1979,20260216,1
1979,20260223,1
1979,20260302,1
1979,20260309,1
1979,20260316,1
1979,20260323,1
1979,20260217,1
1979,20260224,1
1979,20260303,1
1979,20260310,1
1979,20260317,1
1979,20260324,1
1979,20260218,1
1979,20260225,1
1979,20260304,1
1979,20260311,1
1979,20260318,1
1979,20260325,1
1979,20260219,1
1979,20260226,1
1979,20260305,1
1979,20260312,1
1979,20260319,1
1979,20260326,1
1979,20260220,1
1979,20260227,1
1979,20260306,1
1979,20260313,1
1979,20260320,1
1979,20260327,1
1979,20260221,1
1979,20260228,1
1979,20260307,1
1979,20260314,1
1979,20260321,1
1980,20260216,1
1980,20260223,1
1980,20260302,1
1980,20260309,1
1980,20260316,1
1980,20260323,1
1980,20260217,1
1980,20260224,1
1980,20260303,1
1980,20260310,1
1980,20260317,1
1980,20260324,1
1980,20260218,1
1980,20260225,1
1980,20260304,1
1980,20260311,1
1980,20260318,1
1980,20260325,1
1980,20260219,1
1980,20260226,1
1980,20260305,1
1980,20260312,1
1980,20260319,1
1980,20260326,1
1980,20260220,1
1980,20260227,1
1980,20260306,1
1980,20260313,1
1980,20260320,1
1980,20260327,1
1980,20260221,1
1980,20260228,1
1980,20260307,1
1980,20260314,1
1980,20260321,1
1980,20260222,1
1980,20260301,1
1980,20260308,1
1980,20260315,1
1980,20260322,1
1981,20260216,1
1981,20260223,1
1981,20260302,1
1981,20260309,1
1981,20260316,1
1981,20260323,1
1981,20260217,1
1981,20260224,1
1981,20260303,1
1981,20260310,1
1981,20260317,1
1981,20260324,1
1981,20260218,1
1981,20260225,1
1981,20260304,1
1981,20260311,1
1981,20260318,1
1981,20260325,1
1981,20260219,1
1981,20260226,1
1981,20260305,1
1981,20260312,1
1981,20260319,1
1981,20260326,1
1981,20260222,1
1981,20260301,1
1981,20260308,1
1981,20260315,1
1981,20260322,1
1982,20260220,1
1982,20260227,1
1982,20260306,1
1982,20260313,1
1982,20260320,1
1982,20260327,1
1982,20260221,1
1982,20260228,1
1982,20260307,1
1982,20260314,1
1982,20260321,1
1983,20260123,1
1983,20260130,1
1983,20260206,1
1983,20260213,1
1984,20260126,1
1984,20260202,1
1984,20260209,1
1984,20260120,1
1984,20260127,1
1984,20260203,1
1984,20260210,1
1984,20260121,1
1984,20260128,1
1984,20260204,1
1984,20260211,1
1984,20260122,1
1984,20260129,1
1984,20260205,1
1984,20260212,1
1984,20260125,1
1984,20260201,1
1984,20260208,1
1984,20260215,1
1985,20260123,1
1985,20260130,1
1985,20260206,1
1985,20260213,1
1985,20260124,1
1985,20260131,1
1985,20260207,1
1985,20260214,1
1986,20260126,1
1986,20260202,1
1986,20260209,1
1986,20260120,1
1986,20260127,1
1986,20260203,1
1986,20260210,1
1986,20260121,1
1986,20260128,1
1986,20260204,1
1986,20260211,1
1986,20260122,1
1986,20260129,1
1986,20260205,1
1986,20260212,1
1986,20260123,1
1986,20260130,1
1986,20260206,1
1986,20260213,1
1986,20260125,1
1986,20260201,1
1986,20260208,1
1986,20260215,1
1987,20260216,1
1987,20260223,1
1987,20260302,1
1987,20260309,1
1987,20260316,1
1987,20260323,1
1987,20260330,1
1987,20260413,1
1987,20260420,1
1987,20260427,1
1987,20260217,1
1987,20260224,1
1987,20260303,1
1987,20260310,1
1987,20260317,1
1987,20260324,1
1987,20260331,1
1987,20260407,1
1987,20260414,1
1987,20260421,1
1987,20260428,1
1987,20260218,1
1987,20260225,1
1987,20260304,1
1987,20260311,1
1987,20260318,1
1987,20260325,1
1987,20260401,1
1987,20260408,1
1987,20260415,1
1987,20260422,1
1987,20260429,1
1987,20260219,1
1987,20260226,1
1987,20260305,1
1987,20260312,1
1987,20260319,1
1987,20260326,1
1987,20260402,1
1987,20260409,1
1987,20260416,1
1987,20260423,1
1987,20260430,1
1987,20260220,1
1987,20260227,1
1987,20260306,1
1987,20260313,1
1987,20260320,1
1987,20260327,1
1987,20260410,1
1987,20260417,1
1987,20260424,1
1988,20260126,1
1988,20260202,1
1988,20260209,1
1988,20260216,1
1988,20260223,1
1988,20260302,1
1988,20260309,1
1988,20260316,1
1988,20260323,1
1988,20260330,1
1988,20260406,1
1988,20260413,1
1988,20260420,1
1988,20260427,1
1988,20260120,1
1988,20260127,1
1988,20260203,1
1988,20260210,1
1988,20260217,1
1988,20260224,1
1988,20260303,1
1988,20260310,1
1988,20260317,1
1988,20260324,1
1988,20260331,1
1988,20260407,1
1988,20260414,1
1988,20260421,1
1988,20260428,1
1988,20260121,1
1988,20260128,1
1988,20260204,1
1988,20260211,1
1988,20260218,1
1988,20260225,1
1988,20260304,1
1988,20260311,1
1988,20260318,1
1988,20260325,1
1988,20260401,1
1988,20260408,1
1988,20260415,1
1988,20260422,1
1988,20260429,1
1988,20260122,1
1988,20260129,1
1988,20260205,1
1988,20260212,1
1988,20260219,1
1988,20260226,1
1988,20260305,1
1988,20260312,1
1988,20260319,1
1988,20260326,1
1988,20260402,1
1988,20260409,1
1988,20260416,1
1988,20260423,1
1988,20260430,1
1988,20260403,1
1988,20260125,1
1988,20260201,1
1988,20260208,1
1988,20260215,1
1988,20260222,1
1988,20260301,1
1988,20260308,1
1988,20260315,1
1988,20260322,1
1988,20260329,1
1988,20260405,1
1988,20260412,1
1988,20260419,1
1988,20260426,1
1989,20260406,1
1989,20260403,1
1989,20260124,1
1989,20260131,1
1989,20260207,1
1989,20260214,1
1989,20260221,1
1989,20260228,1
1989,20260307,1
1989,20260314,1
1989,20260321,1
1989,20260328,1
1989,20260404,1
1989,20260411,1
1989,20260418,1
1989,20260425,1
1989,20260329,1
1989,20260405,1
1989,20260412,1
1989,20260419,1
1989,20260426,1
1990,20260330,1
1990,20260406,1
1990,20260413,1
1990,20260420,1
1990,20260427,1
1990,20260331,1
1990,20260407,1
1990,20260414,1
1990,20260421,1
1990,20260428,1
1990,20260401,1
1990,20260408,1
1990,20260415,1
1990,20260422,1
1990,20260429,1
1990,20260402,1
1990,20260409,1
1990,20260416,1
1990,20260423,1
1990,20260430,1
1990,20260403,1
1990,20260410,1
1990,20260417,1
1990,20260424,1
1990,20260328,1
1990,20260404,1
1990,20260411,1
1990,20260418,1
1990,20260425,1
1990,20260125,1
1990,20260201,1
1990,20260208,1
1990,20260215,1
1990,20260222,1
1990,20260301,1
1990,20260308,1
1990,20260315,1
1990,20260322,1
1990,20260329,1
1990,20260405,1
1990,20260412,1
1990,20260419,1
1990,20260426,1
1991,20260126,1
1991,20260202,1
1991,20260209,1
1991,20260216,1
1991,20260223,1
1991,20260302,1
1991,20260309,1
1991,20260316,1
1991,20260323,1
1991,20260330,1
1991,20260413,1
1991,20260420,1
1991,20260427,1
1991,20260120,1
1991,20260127,1
1991,20260203,1
1991,20260210,1
1991,20260217,1
1991,20260224,1
1991,20260303,1
1991,20260310,1
1991,20260317,1
1991,20260324,1
1991,20260331,1
1991,20260407,1
1991,20260414,1
1991,20260421,1
1991,20260428,1
1991,20260121,1
1991,20260128,1
1991,20260204,1
1991,20260211,1
1991,20260218,1
1991,20260225,1
1991,20260304,1
1991,20260311,1
1991,20260318,1
1991,20260325,1
1991,20260401,1
1991,20260408,1
1991,20260415,1
1991,20260422,1
1991,20260429,1
1991,20260122,1
1991,20260129,1
1991,20260205,1
1991,20260212,1
1991,20260219,1
1991,20260226,1
1991,20260305,1
1991,20260312,1
1991,20260319,1
1991,20260326,1
1991,20260402,1
1991,20260409,1
1991,20260416,1
1991,20260423,1
1991,20260430,1
1991,20260410,1
1991,20260417,1
1991,20260424,1
1991,20260328,1
1991,20260404,1
1991,20260411,1
1991,20260418,1
1991,20260425,1
1992,20260126,1
1992,20260202,1
1992,20260209,1
1992,20260216,1
1992,20260223,1
1992,20260302,1
1992,20260309,1
1992,20260316,1
1992,20260323,1
1992,20260330,1
1992,20260413,1
1992,20260420,1
1992,20260427,1
1992,20260120,1
1992,20260127,1
1992,20260203,1
1992,20260210,1
1992,20260217,1
1992,20260224,1
1992,20260303,1
1992,20260310,1
1992,20260317,1
1992,20260324,1
1992,20260331,1
1992,20260407,1
1992,20260414,1
1992,20260421,1
1992,20260428,1
1992,20260121,1
1992,20260128,1
1992,20260204,1
1992,20260211,1
1992,20260218,1
1992,20260225,1
1992,20260304,1
1992,20260311,1
1992,20260318,1
1992,20260325,1
1992,20260401,1
1992,20260408,1
1992,20260415,1
1992,20260422,1
1992,20260429,1
1992,20260122,1
1992,20260129,1
1992,20260205,1
1992,20260212,1
1992,20260219,1
1992,20260226,1
1992,20260305,1
1992,20260312,1
1992,20260319,1
1992,20260326,1
1992,20260402,1
1992,20260409,1
1992,20260416,1
1992,20260423,1
1992,20260430,1
1992,20260410,1
1992,20260417,1
1992,20260424,1
1993,20260126,1
1993,20260202,1
1993,20260209,1
1993,20260216,1
1993,20260223,1
1993,20260302,1
1993,20260309,1
1993,20260316,1
1993,20260323,1
1993,20260330,1
1993,20260406,1
1993,20260413,1
1993,20260420,1
1993,20260427,1
1993,20260120,1
1993,20260127,1
1993,20260203,1
1993,20260210,1
1993,20260217,1
1993,20260224,1
1993,20260303,1
1993,20260310,1
1993,20260317,1
1993,20260324,1
1993,20260331,1
1993,20260407,1
1993,20260414,1
1993,20260421,1
1993,20260428,1
1993,20260121,1
1993,20260128,1
1993,20260204,1
1993,20260211,1
1993,20260218,1
1993,20260225,1
1993,20260304,1
1993,20260311,1
1993,20260318,1
1993,20260325,1
1993,20260401,1
1993,20260408,1
1993,20260415,1
1993,20260422,1
1993,20260429,1
1993,20260122,1
1993,20260129,1
1993,20260205,1
1993,20260212,1
1993,20260219,1
1993,20260226,1
1993,20260305,1
1993,20260312,1
1993,20260319,1
1993,20260326,1
1993,20260402,1
1993,20260409,1
1993,20260416,1
1993,20260423,1
1993,20260430,1
1993,20260403,1
1993,20260410,1
1993,20260417,1
1993,20260424,1
1993,20260328,1
1993,20260404,1
1993,20260411,1
1993,20260418,1
1993,20260425,1
1993,20260329,1
1993,20260405,1
1993,20260412,1
1993,20260419,1
1993,20260426,1
1994,20260330,1
1994,20260406,1
1994,20260413,1
1994,20260420,1
1994,20260427,1
1994,20260331,1
1994,20260407,1
1994,20260414,1
1994,20260421,1
1994,20260428,1
1994,20260401,1
1994,20260408,1
1994,20260415,1
1994,20260422,1
1994,20260429,1
1994,20260402,1
1994,20260409,1
1994,20260416,1
1994,20260423,1
1994,20260430,1
1994,20260123,1
1994,20260130,1
1994,20260206,1
1994,20260213,1
1994,20260220,1
1994,20260227,1
1994,20260306,1
1994,20260313,1
1994,20260320,1
1994,20260327,1
1994,20260403,1
1994,20260410,1
1994,20260417,1
1994,20260424,1
1994,20260328,1
1994,20260404,1
1994,20260411,1
1994,20260418,1
1994,20260425,1
1994,20260329,1
1994,20260405,1
1994,20260412,1
1994,20260419,1
1994,20260426,1
1995,20260330,1
1995,20260406,1
1995,20260413,1
1995,20260420,1
1995,20260427,1
1995,20260331,1
1995,20260407,1
1995,20260414,1
1995,20260421,1
1995,20260428,1
1995,20260401,1
1995,20260408,1
1995,20260415,1
1995,20260422,1
1995,20260429,1
1995,20260402,1
1995,20260409,1
1995,20260416,1
1995,20260423,1
1995,20260430,1
1995,20260123,1
1995,20260130,1
1995,20260206,1
1995,20260213,1
1995,20260220,1
1995,20260227,1
1995,20260306,1
1995,20260313,1
1995,20260320,1
1995,20260327,1
1995,20260403,1
1995,20260410,1
1995,20260417,1
1995,20260424,1
1995,20260124,1
1995,20260131,1
1995,20260207,1
1995,20260214,1
1995,20260221,1
1995,20260228,1
1995,20260307,1
1995,20260314,1
1995,20260321,1
1995,20260328,1
1995,20260404,1
1995,20260411,1
1995,20260418,1
1995,20260425,1
1995,20260329,1
1995,20260405,1
1995,20260412,1
1995,20260419,1
1995,20260426,1
1996,20260126,1
1996,20260202,1
1996,20260209,1
1996,20260216,1
1996,20260223,1
1996,20260302,1
1996,20260309,1
1996,20260316,1
1996,20260323,1
1996,20260330,1
1996,20260406,1
1996,20260413,1
1996,20260420,1
1996,20260427,1
1996,20260120,1
1996,20260127,1
1996,20260203,1
1996,20260210,1
1996,20260217,1
1996,20260224,1
1996,20260303,1
1996,20260310,1
1996,20260317,1
1996,20260324,1
1996,20260331,1
1996,20260407,1
1996,20260414,1
1996,20260421,1
1996,20260428,1
1996,20260121,1
1996,20260128,1
1996,20260204,1
1996,20260211,1
1996,20260218,1
1996,20260225,1
1996,20260304,1
1996,20260311,1
1996,20260318,1
1996,20260325,1
1996,20260401,1
1996,20260408,1
1996,20260415,1
1996,20260422,1
1996,20260429,1
1996,20260122,1
1996,20260129,1
1996,20260205,1
1996,20260212,1
1996,20260219,1
1996,20260226,1
1996,20260305,1
1996,20260312,1
1996,20260319,1
1996,20260326,1
1996,20260402,1
1996,20260409,1
1996,20260416,1
1996,20260423,1
1996,20260430,1
1996,20260403,1
1996,20260410,1
1996,20260417,1
1996,20260424,1
1996,20260124,1
1996,20260131,1
1996,20260207,1
1996,20260214,1
1996,20260221,1
1996,20260228,1
1996,20260307,1
1996,20260314,1
1996,20260321,1
1996,20260328,1
1996,20260404,1
1996,20260411,1
1996,20260418,1
1996,20260425,1
1996,20260125,1
1996,20260201,1
1996,20260208,1
1996,20260215,1
1996,20260222,1
1996,20260301,1
1996,20260308,1
1996,20260315,1
1996,20260322,1
1996,20260329,1
1996,20260405,1
1996,20260412,1
1996,20260419,1
1996,20260426,1
1997,20260126,1
1997,20260202,1
1997,20260209,1
1997,20260216,1
1997,20260223,1
1997,20260302,1
1997,20260309,1
1997,20260316,1
1997,20260323,1
1997,20260330,1
1997,20260406,1
1997,20260413,1
1997,20260420,1
1997,20260427,1
1997,20260120,1
1997,20260127,1
1997,20260203,1
1997,20260210,1
1997,20260217,1
1997,20260224,1
1997,20260303,1
1997,20260310,1
1997,20260317,1
1997,20260324,1
1997,20260331,1
1997,20260407,1
1997,20260414,1
1997,20260421,1
1997,20260428,1
1997,20260121,1
1997,20260128,1
1997,20260204,1
1997,20260211,1
1997,20260218,1
1997,20260225,1
1997,20260304,1
1997,20260311,1
1997,20260318,1
1997,20260325,1
1997,20260401,1
1997,20260408,1
1997,20260415,1
1997,20260422,1
1997,20260429,1
1997,20260122,1
1997,20260129,1
1997,20260205,1
1997,20260212,1
1997,20260219,1
1997,20260226,1
1997,20260305,1
1997,20260312,1
1997,20260319,1
1997,20260326,1
1997,20260402,1
1997,20260409,1
1997,20260416,1
1997,20260423,1
1997,20260430,1
1997,20260403,1
1997,20260410,1
1997,20260417,1
1997,20260424,1
1997,20260328,1
1997,20260404,1
1997,20260411,1
1997,20260418,1
1997,20260425,1
1997,20260125,1
1997,20260201,1
1997,20260208,1
1997,20260215,1
1997,20260222,1
1997,20260301,1
1997,20260308,1
1997,20260315,1
1997,20260322,1
1997,20260329,1
1997,20260405,1
1997,20260412,1
1997,20260419,1
1997,20260426,1
1998,20260123,1
1998,20260130,1
1998,20260206,1
1998,20260213,1
1998,20260220,1
1998,20260227,1
1998,20260306,1
1998,20260313,1
1998,20260320,1
1998,20260327,1
1998,20260124,1
1998,20260131,1
1998,20260207,1
1998,20260214,1
1998,20260221,1
1998,20260228,1
1998,20260307,1
1998,20260314,1
1998,20260321,1
1998,20260125,1
1998,20260201,1
1998,20260208,1
1998,20260215,1
1998,20260222,1
1998,20260301,1
1998,20260308,1
1998,20260315,1
1998,20260322,1
1999,20260126,1
1999,20260202,1
1999,20260209,1
1999,20260216,1
1999,20260223,1
1999,20260302,1
1999,20260309,1
1999,20260316,1
1999,20260323,1
1999,20260120,1
1999,20260127,1
1999,20260203,1
1999,20260210,1
1999,20260217,1
1999,20260224,1
1999,20260303,1
1999,20260310,1
1999,20260317,1
1999,20260324,1
1999,20260121,1
1999,20260128,1
1999,20260204,1
1999,20260211,1
1999,20260218,1
1999,20260225,1
1999,20260304,1
1999,20260311,1
1999,20260318,1
1999,20260325,1
1999,20260122,1
1999,20260129,1
1999,20260205,1
1999,20260212,1
1999,20260219,1
1999,20260226,1
1999,20260305,1
1999,20260312,1
1999,20260319,1
1999,20260326,1
1999,20260124,1
1999,20260131,1
1999,20260207,1
1999,20260214,1
1999,20260221,1
1999,20260228,1
1999,20260307,1
1999,20260314,1
1999,20260321,1
1999,20260125,1
1999,20260201,1
1999,20260208,1
1999,20260215,1
1999,20260222,1
1999,20260301,1
1999,20260308,1
1999,20260315,1
1999,20260322,1
2001,20260406,1
2001,20260403,1
2001,20260410,1
2001,20260417,1
2001,20260424,1
2001,20260328,1
2001,20260404,1
2001,20260411,1
2001,20260418,1
2001,20260425,1
2001,20260329,1
2001,20260405,1
2001,20260412,1
2001,20260419,1
2001,20260426,1
2002,20260123,1
2002,20260130,1
2002,20260206,1
2002,20260213,1
2002,20260220,1
2002,20260227,1
2002,20260306,1
2002,20260313,1
2002,20260320,1
2002,20260327,1
2002,20260410,1
2002,20260417,1
2002,20260424,1
2003,20260126,1
2003,20260202,1
2003,20260209,1
2003,20260216,1
2003,20260223,1
2003,20260302,1
2003,20260309,1
2003,20260316,1
2003,20260323,1
2003,20260330,1
2003,20260406,1
2003,20260413,1
2003,20260420,1
2003,20260427,1
2003,20260120,1
2003,20260127,1
2003,20260203,1
2003,20260210,1
2003,20260217,1
2003,20260224,1
2003,20260303,1
2003,20260310,1
2003,20260317,1
2003,20260324,1
2003,20260331,1
2003,20260407,1
2003,20260414,1
2003,20260421,1
2003,20260428,1
2003,20260121,1
2003,20260128,1
2003,20260204,1
2003,20260211,1
2003,20260218,1
2003,20260225,1
2003,20260304,1
2003,20260311,1
2003,20260318,1
2003,20260325,1
2003,20260401,1
2003,20260408,1
2003,20260415,1
2003,20260422,1
2003,20260429,1
2003,20260122,1
2003,20260129,1
2003,20260205,1
2003,20260212,1
2003,20260219,1
2003,20260226,1
2003,20260305,1
2003,20260312,1
2003,20260319,1
2003,20260326,1
2003,20260402,1
2003,20260409,1
2003,20260416,1
2003,20260423,1
2003,20260430,1
2003,20260403,1
2003,20260124,1
2003,20260131,1
2003,20260207,1
2003,20260214,1
2003,20260221,1
2003,20260228,1
2003,20260307,1
2003,20260314,1
2003,20260321,1
2003,20260328,1
2003,20260404,1
2003,20260411,1
2003,20260418,1
2003,20260425,1
2003,20260125,1
2003,20260201,1
2003,20260208,1
2003,20260215,1
2003,20260222,1
2003,20260301,1
2003,20260308,1
2003,20260315,1
2003,20260322,1
2003,20260329,1
2003,20260405,1
2003,20260412,1
2003,20260419,1
2003,20260426,1
2004,20260126,1
2004,20260202,1
2004,20260209,1
2004,20260216,1
2004,20260223,1
2004,20260302,1
2004,20260309,1
2004,20260316,1
2004,20260323,1
2004,20260330,1
2004,20260413,1
2004,20260420,1
2004,20260427,1
2004,20260120,1
2004,20260127,1
2004,20260203,1
2004,20260210,1
2004,20260217,1
2004,20260224,1
2004,20260303,1
2004,20260310,1
2004,20260317,1
2004,20260324,1
2004,20260331,1
2004,20260407,1
2004,20260414,1
2004,20260421,1
2004,20260428,1
2004,20260121,1
2004,20260128,1
2004,20260204,1
2004,20260211,1
2004,20260218,1
2004,20260225,1
2004,20260304,1
2004,20260311,1
2004,20260318,1
2004,20260325,1
2004,20260401,1
2004,20260408,1
2004,20260415,1
2004,20260422,1
2004,20260429,1
2004,20260122,1
2004,20260129,1
2004,20260205,1
2004,20260212,1
2004,20260219,1
2004,20260226,1
2004,20260305,1
2004,20260312,1
2004,20260319,1
2004,20260326,1
2004,20260402,1
2004,20260409,1
2004,20260416,1
2004,20260423,1
2004,20260430,1
2005,20260406,1
2005,20260123,1
2005,20260130,1
2005,20260206,1
2005,20260213,1
2005,20260220,1
2005,20260227,1
2005,20260306,1
2005,20260313,1
2005,20260320,1
2005,20260327,1
2005,20260403,1
2005,20260410,1
2005,20260417,1
2005,20260424,1
2005,20260124,1
2005,20260131,1
2005,20260207,1
2005,20260214,1
2005,20260221,1
2005,20260228,1
2005,20260307,1
2005,20260314,1
2005,20260321,1
2005,20260328,1
2005,20260404,1
2005,20260411,1
2005,20260418,1
2005,20260425,1
2005,20260125,1
2005,20260201,1
2005,20260208,1
2005,20260215,1
2005,20260222,1
2005,20260301,1
2005,20260308,1
2005,20260315,1
2005,20260322,1
2005,20260329,1
2005,20260405,1
2005,20260412,1
2005,20260419,1
2005,20260426,1
2006,20260126,1
2006,20260202,1
2006,20260209,1
2006,20260216,1
2006,20260223,1
2006,20260302,1
2006,20260309,1
2006,20260316,1
2006,20260120,1
2006,20260127,1
2006,20260203,1
2006,20260210,1
2006,20260217,1
2006,20260224,1
2006,20260303,1
2006,20260310,1
2006,20260317,1
2006,20260121,1
2006,20260128,1
2006,20260204,1
2006,20260211,1
2006,20260218,1
2006,20260225,1
2006,20260304,1
2006,20260311,1
2006,20260318,1
2006,20260122,1
2006,20260129,1
2006,20260205,1
2006,20260212,1
2006,20260219,1
2006,20260226,1
2006,20260305,1
2006,20260312,1
2006,20260319,1
2007,20260323,1
2007,20260330,1
2007,20260406,1
2007,20260413,1
2007,20260420,1
2007,20260427,1
2007,20260324,1
2007,20260331,1
2007,20260407,1
2007,20260414,1
2007,20260421,1
2007,20260428,1
2007,20260325,1
2007,20260401,1
2007,20260408,1
2007,20260415,1
2007,20260422,1
2007,20260429,1
2007,20260326,1
2007,20260402,1
2007,20260409,1
2007,20260416,1
2007,20260423,1
2007,20260430,1
2007,20260403,1
2007,20260329,1
2007,20260405,1
2007,20260412,1
2007,20260419,1
2007,20260426,1
2008,20260323,1
2008,20260330,1
2008,20260413,1
2008,20260420,1
2008,20260427,1
2008,20260324,1
2008,20260331,1
2008,20260407,1
2008,20260414,1
2008,20260421,1
2008,20260428,1
2008,20260325,1
2008,20260401,1
2008,20260408,1
2008,20260415,1
2008,20260422,1
2008,20260429,1
2008,20260326,1
2008,20260402,1
2008,20260409,1
2008,20260416,1
2008,20260423,1
2008,20260430,1
2009,20260126,1
2009,20260202,1
2009,20260209,1
2009,20260216,1
2009,20260223,1
2009,20260302,1
2009,20260309,1
2009,20260316,1
2009,20260120,1
2009,20260127,1
2009,20260203,1
2009,20260210,1
2009,20260217,1
2009,20260224,1
2009,20260303,1
2009,20260310,1
2009,20260317,1
2009,20260121,1
2009,20260128,1
2009,20260204,1
2009,20260211,1
2009,20260218,1
2009,20260225,1
2009,20260304,1
2009,20260311,1
2009,20260318,1
2009,20260122,1
2009,20260129,1
2009,20260205,1
2009,20260212,1
2009,20260219,1
2009,20260226,1
2009,20260305,1
2009,20260312,1
2009,20260319,1
2009,20260125,1
2009,20260201,1
2009,20260208,1
2009,20260215,1
2009,20260222,1
2009,20260301,1
2009,20260308,1
2009,20260315,1
2009,20260322,1
2010,20260209,1
2010,20260216,1
2010,20260223,1
2010,20260302,1
2010,20260309,1
2010,20260316,1
2010,20260323,1
2010,20260406,1
2010,20260413,1
2010,20260420,1
2010,20260427,1
2010,20260210,1
2010,20260217,1
2010,20260224,1
2010,20260303,1
2010,20260310,1
2010,20260317,1
2010,20260324,1
2010,20260414,1
2010,20260421,1
2010,20260428,1
2010,20260211,1
2010,20260218,1
2010,20260225,1
2010,20260304,1
2010,20260311,1
2010,20260318,1
2010,20260325,1
2010,20260415,1
2010,20260422,1
2010,20260429,1
2010,20260212,1
2010,20260219,1
2010,20260226,1
2010,20260305,1
2010,20260312,1
2010,20260319,1
2010,20260326,1
2010,20260416,1
2010,20260423,1
2010,20260430,1
2010,20260213,1
2010,20260220,1
2010,20260227,1
2010,20260306,1
2010,20260313,1
2010,20260320,1
2010,20260327,1
2010,20260403,1
2010,20260417,1
2010,20260424,1
2010,20260208,1
2010,20260215,1
2010,20260222,1
2010,20260301,1
2010,20260308,1
2010,20260315,1
2010,20260322,1
2010,20260329,1
2010,20260405,1
2010,20260412,1
2010,20260419,1
2010,20260426,1
2011,20260202,1
2011,20260330,1
2011,20260203,1
2011,20260331,1
2011,20260407,1
2011,20260204,1
2011,20260401,1
2011,20260408,1
2011,20260205,1
2011,20260402,1
2011,20260409,1
2011,20260206,1
2011,20260410,1
2011,20260207,1
2011,20260214,1
2011,20260221,1
2011,20260228,1
2011,20260307,1
2011,20260314,1
2011,20260321,1
2011,20260328,1
2011,20260404,1
2011,20260411,1
2011,20260418,1
2011,20260425,1
2012,20260209,1
2012,20260216,1
2012,20260223,1
2012,20260302,1
2012,20260309,1
2012,20260316,1
2012,20260323,1
2012,20260413,1
2012,20260420,1
2012,20260427,1
2012,20260210,1
2012,20260217,1
2012,20260224,1
2012,20260303,1
2012,20260310,1
2012,20260317,1
2012,20260324,1
2012,20260414,1
2012,20260421,1
2012,20260428,1
2012,20260211,1
2012,20260218,1
2012,20260225,1
2012,20260304,1
2012,20260311,1
2012,20260318,1
2012,20260325,1
2012,20260415,1
2012,20260422,1
2012,20260429,1
2012,20260212,1
2012,20260219,1
2012,20260226,1
2012,20260305,1
2012,20260312,1
2012,20260319,1
2012,20260326,1
2012,20260416,1
2012,20260423,1
2012,20260430,1
2012,20260213,1
2012,20260220,1
2012,20260227,1
2012,20260306,1
2012,20260313,1
2012,20260320,1
2012,20260327,1
2012,20260417,1
2012,20260424,1
2013,20260202,1
2013,20260330,1
2013,20260406,1
2013,20260203,1
2013,20260331,1
2013,20260407,1
2013,20260204,1
2013,20260401,1
2013,20260408,1
2013,20260205,1
2013,20260402,1
2013,20260409,1
2013,20260206,1
2013,20260403,1
2013,20260410,1
2013,20260207,1
2013,20260214,1
2013,20260221,1
2013,20260228,1
2013,20260307,1
2013,20260314,1
2013,20260321,1
2013,20260328,1
2013,20260404,1
2013,20260411,1
2013,20260418,1
2013,20260425,1
2013,20260208,1
2013,20260215,1
2013,20260222,1
2013,20260301,1
2013,20260308,1
2013,20260315,1
2013,20260322,1
2013,20260329,1
2013,20260405,1
2013,20260412,1
2013,20260419,1
2013,20260426,1
2014,20260330,1
2014,20260413,1
2014,20260420,1
2014,20260427,1
2014,20260331,1
2014,20260407,1
2014,20260414,1
2014,20260421,1
2014,20260428,1
2014,20260401,1
2014,20260408,1
2014,20260415,1
2014,20260422,1
2014,20260429,1
2014,20260402,1
2014,20260409,1
2014,20260416,1
2014,20260423,1
2014,20260430,1
2014,20260410,1
2014,20260417,1
2014,20260424,1
2014,20260124,1
2014,20260131,1
2014,20260207,1
2014,20260214,1
2014,20260221,1
2014,20260228,1
2014,20260307,1
2014,20260314,1
2014,20260321,1
2014,20260125,1
2014,20260201,1
2014,20260208,1
2014,20260215,1
2014,20260222,1
2014,20260301,1
2014,20260308,1
2014,20260315,1
2014,20260322,1
2015,20260126,1
2015,20260202,1
2015,20260209,1
2015,20260216,1
2015,20260223,1
2015,20260302,1
2015,20260309,1
2015,20260316,1
2015,20260323,1
2015,20260120,1
2015,20260127,1
2015,20260203,1
2015,20260210,1
2015,20260217,1
2015,20260224,1
2015,20260303,1
2015,20260310,1
2015,20260317,1
2015,20260324,1
2015,20260121,1
2015,20260128,1
2015,20260204,1
2015,20260211,1
2015,20260218,1
2015,20260225,1
2015,20260304,1
2015,20260311,1
2015,20260318,1
2015,20260325,1
2015,20260122,1
2015,20260129,1
2015,20260205,1
2015,20260212,1
2015,20260219,1
2015,20260226,1
2015,20260305,1
2015,20260312,1
2015,20260319,1
2015,20260326,1
2015,20260124,1
2015,20260131,1
2015,20260207,1
2015,20260214,1
2015,20260221,1
2015,20260228,1
2015,20260307,1
2015,20260314,1
2015,20260321,1
2016,20260123,1
2016,20260130,1
2016,20260410,1
2016,20260417,1
2016,20260424,1
2016,20260124,1
2016,20260131,1
2016,20260328,1
2016,20260404,1
2016,20260411,1
2016,20260418,1
2016,20260425,1
2017,20260202,1
2017,20260209,1
2017,20260216,1
2017,20260223,1
2017,20260302,1
2017,20260309,1
2017,20260316,1
2017,20260323,1
2017,20260203,1
2017,20260210,1
2017,20260217,1
2017,20260224,1
2017,20260303,1
2017,20260310,1
2017,20260317,1
2017,20260324,1
2017,20260204,1
2017,20260211,1
2017,20260218,1
2017,20260225,1
2017,20260304,1
2017,20260311,1
2017,20260318,1
2017,20260325,1
2017,20260205,1
2017,20260212,1
2017,20260219,1
2017,20260226,1
2017,20260305,1
2017,20260312,1
2017,20260319,1
2017,20260326,1
2018,20260206,1
2018,20260213,1
2018,20260220,1
2018,20260227,1
2018,20260306,1
2018,20260313,1
2018,20260320,1
2018,20260327,1
2018,20260207,1
2018,20260214,1
2018,20260221,1
2018,20260228,1
2018,20260307,1
2018,20260314,1
2018,20260321,1
2019,20260406,1
2019,20260403,1
2019,20260125,1
2019,20260201,1
2019,20260329,1
2019,20260405,1
2019,20260412,1
2019,20260419,1
2019,20260426,1
2020,20260126,1
2020,20260330,1
2020,20260413,1
2020,20260420,1
2020,20260427,1
2020,20260120,1
2020,20260127,1
2020,20260331,1
2020,20260407,1
2020,20260414,1
2020,20260421,1
2020,20260428,1
2020,20260121,1
2020,20260128,1
2020,20260401,1
2020,20260408,1
2020,20260415,1
2020,20260422,1
2020,20260429,1
2020,20260122,1
2020,20260129,1
2020,20260402,1
2020,20260409,1
2020,20260416,1
2020,20260423,1
2020,20260430,1
2021,20260215,1
2021,20260222,1
2021,20260301,1
2021,20260308,1
2021,20260315,1
2021,20260322,1
2022,20260123,1
2022,20260130,1
2022,20260417,1
2022,20260424,1
2023,20260126,1
2023,20260413,1
2023,20260420,1
2023,20260427,1
2023,20260120,1
2023,20260127,1
2023,20260414,1
2023,20260421,1
2023,20260428,1
2023,20260121,1
2023,20260128,1
2023,20260415,1
2023,20260422,1
2023,20260429,1
2023,20260122,1
2023,20260129,1
2023,20260416,1
2023,20260423,1
2023,20260430,1
2024,20260126,1
2024,20260413,1
2024,20260420,1
2024,20260427,1
2024,20260120,1
2024,20260127,1
2024,20260414,1
2024,20260421,1
2024,20260428,1
2024,20260121,1
2024,20260128,1
2024,20260415,1
2024,20260422,1
2024,20260429,1
2024,20260122,1
2024,20260129,1
2024,20260416,1
2024,20260423,1
2024,20260430,1
2024,20260123,1
2024,20260130,1
2024,20260417,1
2024,20260424,1
2025,20260330,1
2025,20260331,1
2025,20260407,1
2025,20260401,1
2025,20260408,1
2025,20260402,1
2025,20260409,1
2026,20260410,1
2026,20260124,1
2026,20260131,1
2026,20260328,1
2026,20260404,1
2026,20260411,1
2026,20260418,1
2026,20260425,1
2027,20260206,1
2027,20260207,1
2027,20260214,1
2027,20260221,1
2027,20260228,1
2027,20260307,1
2027,20260314,1
2027,20260321,1
2028,20260406,1
2028,20260403,1
2028,20260124,1
2028,20260131,1
2028,20260328,1
2028,20260404,1
2028,20260411,1
2028,20260418,1
2028,20260425,1
2028,20260125,1
2028,20260201,1
2028,20260329,1
2028,20260405,1
2028,20260412,1
2028,20260419,1
2028,20260426,1
2029,20260126,1
2029,20260330,1
2029,20260413,1
2029,20260420,1
2029,20260427,1
2029,20260120,1
2029,20260127,1
2029,20260331,1
2029,20260407,1
2029,20260414,1
2029,20260421,1
2029,20260428,1
2029,20260121,1
2029,20260128,1
2029,20260401,1
2029,20260408,1
2029,20260415,1
2029,20260422,1
2029,20260429,1
2029,20260122,1
2029,20260129,1
2029,20260402,1
2029,20260409,1
2029,20260416,1
2029,20260423,1
2029,20260430,1
2029,20260123,1
2029,20260130,1
2029,20260410,1
2029,20260417,1
2029,20260424,1
2030,20260126,1
2030,20260330,1
2030,20260413,1
2030,20260420,1
2030,20260427,1
2030,20260120,1
2030,20260127,1
2030,20260331,1
2030,20260407,1
2030,20260414,1
2030,20260421,1
2030,20260428,1
2030,20260121,1
2030,20260128,1
2030,20260401,1
2030,20260408,1
2030,20260415,1
2030,20260422,1
2030,20260429,1
2030,20260122,1
2030,20260129,1
2030,20260402,1
2030,20260409,1
2030,20260416,1
2030,20260423,1
2030,20260430,1
2030,20260123,1
2030,20260130,1
2030,20260410,1
2030,20260417,1
2030,20260424,1
2030,20260124,1
2030,20260131,1
2030,20260328,1
2030,20260404,1
2030,20260411,1
2030,20260418,1
2030,20260425,1
2031,20260124,1
2031,20260131,1
2031,20260328,1
2031,20260404,1
2031,20260411,1
2031,20260418,1
2031,20260425,1
2032,20260126,1
2032,20260330,1
2032,20260406,1
2032,20260413,1
2032,20260420,1
2032,20260427,1
2032,20260120,1
2032,20260127,1
2032,20260331,1
2032,20260407,1
2032,20260414,1
2032,20260421,1
2032,20260428,1
2032,20260121,1
2032,20260128,1
2032,20260401,1
2032,20260408,1
2032,20260415,1
2032,20260422,1
2032,20260429,1
2032,20260122,1
2032,20260129,1
2032,20260402,1
2032,20260409,1
2032,20260416,1
2032,20260423,1
2032,20260430,1
2032,20260123,1
2032,20260130,1
2032,20260403,1
2032,20260410,1
2032,20260417,1
2032,20260424,1
2032,20260124,1
2032,20260131,1
2032,20260328,1
2032,20260404,1
2032,20260411,1
2032,20260418,1
2032,20260425,1
2032,20260125,1
2032,20260201,1
2032,20260329,1
2032,20260405,1
2032,20260412,1
2032,20260419,1
2032,20260426,1
2033,20260410,1
2034,20260126,1
2034,20260330,1
2034,20260406,1
2034,20260413,1
2034,20260420,1
2034,20260427,1
2034,20260120,1
2034,20260127,1
2034,20260331,1
2034,20260407,1
2034,20260414,1
2034,20260421,1
2034,20260428,1
2034,20260121,1
2034,20260128,1
2034,20260401,1
2034,20260408,1
2034,20260415,1
2034,20260422,1
2034,20260429,1
2034,20260122,1
2034,20260129,1
2034,20260402,1
2034,20260409,1
2034,20260416,1
2034,20260423,1
2034,20260430,1
2034,20260123,1
2034,20260130,1
2034,20260403,1
2034,20260417,1
2034,20260424,1
2034,20260124,1
2034,20260131,1
2034,20260328,1
2034,20260404,1
2034,20260411,1
2034,20260418,1
2034,20260425,1
2034,20260125,1
2034,20260201,1
2034,20260329,1
2034,20260405,1
2034,20260412,1
2034,20260419,1
2034,20260426,1
2035,20260126,1
2035,20260406,1
2035,20260413,1
2035,20260420,1
2035,20260427,1
2035,20260120,1
2035,20260127,1
2035,20260414,1
2035,20260421,1
2035,20260428,1
2035,20260121,1
2035,20260128,1
2035,20260415,1
2035,20260422,1
2035,20260429,1
2035,20260122,1
2035,20260129,1
2035,20260416,1
2035,20260423,1
2035,20260430,1
2035,20260403,1
2035,20260124,1
2035,20260131,1
2035,20260328,1
2035,20260404,1
2035,20260411,1
2035,20260418,1
2035,20260425,1
2035,20260125,1
2035,20260201,1
2035,20260329,1
2035,20260405,1
2035,20260412,1
2035,20260419,1
2035,20260426,1
2036,20260123,1
2036,20260130,1
2036,20260410,1
2036,20260417,1
2036,20260424,1
2037,20260126,1
2037,20260406,1
2037,20260413,1
2037,20260420,1
2037,20260427,1
2037,20260120,1
2037,20260127,1
2037,20260414,1
2037,20260421,1
2037,20260428,1
2037,20260121,1
2037,20260128,1
2037,20260415,1
2037,20260422,1
2037,20260429,1
2037,20260122,1
2037,20260129,1
2037,20260416,1
2037,20260423,1
2037,20260430,1
2037,20260123,1
2037,20260130,1
2037,20260403,1
2037,20260417,1
2037,20260424,1
2037,20260124,1
2037,20260131,1
2037,20260328,1
2037,20260404,1
2037,20260411,1
2037,20260418,1
2037,20260425,1
2037,20260125,1
2037,20260201,1
2037,20260329,1
2037,20260405,1
2037,20260412,1
2037,20260419,1
2037,20260426,1
2038,20260406,1
2038,20260403,1
2038,20260410,1
2038,20260124,1
2038,20260131,1
2038,20260328,1
2038,20260404,1
2038,20260411,1
2038,20260418,1
2038,20260425,1
2038,20260125,1
2038,20260201,1
2038,20260329,1
2038,20260405,1
2038,20260412,1
2038,20260419,1
2038,20260426,1
2039,20260126,1
2039,20260330,1
2039,20260413,1
2039,20260420,1
2039,20260427,1
2039,20260120,1
2039,20260127,1
2039,20260331,1
2039,20260407,1
2039,20260414,1
2039,20260421,1
2039,20260428,1
2039,20260121,1
2039,20260128,1
2039,20260401,1
2039,20260408,1
2039,20260415,1
2039,20260422,1
2039,20260429,1
2039,20260122,1
2039,20260129,1
2039,20260402,1
2039,20260409,1
2039,20260416,1
2039,20260423,1
2039,20260430,1
2039,20260123,1
2039,20260130,1
2039,20260417,1
2039,20260424,1
2040,20260330,1
2040,20260406,1
2040,20260331,1
2040,20260407,1
2040,20260401,1
2040,20260408,1
2040,20260402,1
2040,20260409,1
2040,20260403,1
2040,20260124,1
2040,20260131,1
2040,20260328,1
2040,20260404,1
2040,20260411,1
2040,20260418,1
2040,20260425,1
2040,20260125,1
2040,20260201,1
2040,20260329,1
2040,20260405,1
2040,20260412,1
2040,20260419,1
2040,20260426,1
2041,20260126,1
2041,20260413,1
2041,20260420,1
2041,20260427,1
2041,20260120,1
2041,20260127,1
2041,20260414,1
2041,20260421,1
2041,20260428,1
2041,20260121,1
2041,20260128,1
2041,20260415,1
2041,20260422,1
2041,20260429,1
2041,20260122,1
2041,20260129,1
2041,20260416,1
2041,20260423,1
2041,20260430,1
2041,20260123,1
2041,20260130,1
2041,20260410,1
2041,20260417,1
2041,20260424,1
2042,20260126,1
2042,20260406,1
2042,20260413,1
2042,20260420,1
2042,20260427,1
2042,20260120,1
2042,20260127,1
2042,20260414,1
2042,20260421,1
2042,20260428,1
2042,20260121,1
2042,20260128,1
2042,20260415,1
2042,20260422,1
2042,20260429,1
2042,20260122,1
2042,20260129,1
2042,20260416,1
2042,20260423,1
2042,20260430,1
2042,20260123,1
2042,20260130,1
2042,20260403,1
2042,20260410,1
2042,20260417,1
2042,20260424,1
2042,20260124,1
2042,20260131,1
2042,20260328,1
2042,20260404,1
2042,20260411,1
2042,20260418,1
2042,20260425,1
2042,20260125,1
2042,20260201,1
2042,20260329,1
2042,20260405,1
2042,20260412,1
2042,20260419,1
2042,20260426,1
2043,20260330,1
2043,20260331,1
2043,20260407,1
2043,20260401,1
2043,20260408,1
2043,20260402,1
2043,20260409,1
2043,20260123,1
2043,20260130,1
2043,20260410,1
2043,20260417,1
2043,20260424,1
2043,20260124,1
2043,20260131,1
2043,20260328,1
2043,20260404,1
2043,20260411,1
2043,20260418,1
2043,20260425,1
2044,20260126,1
2044,20260330,1
2044,20260406,1
2044,20260413,1
2044,20260420,1
2044,20260427,1
2044,20260120,1
2044,20260127,1
2044,20260331,1
2044,20260407,1
2044,20260414,1
2044,20260421,1
2044,20260428,1
2044,20260121,1
2044,20260128,1
2044,20260401,1
2044,20260408,1
2044,20260415,1
2044,20260422,1
2044,20260429,1
2044,20260122,1
2044,20260129,1
2044,20260402,1
2044,20260409,1
2044,20260416,1
2044,20260423,1
2044,20260430,1
2044,20260403,1
2044,20260125,1
2044,20260201,1
2044,20260329,1
2044,20260405,1
2044,20260412,1
2044,20260419,1
2044,20260426,1
2045,20260330,1
2045,20260406,1
2045,20260413,1
2045,20260420,1
2045,20260427,1
2045,20260331,1
2045,20260407,1
2045,20260414,1
2045,20260421,1
2045,20260428,1
2045,20260401,1
2045,20260408,1
2045,20260415,1
2045,20260422,1
2045,20260429,1
2045,20260402,1
2045,20260409,1
2045,20260416,1
2045,20260423,1
2045,20260430,1
2045,20260123,1
2045,20260130,1
2045,20260403,1
2045,20260410,1
2045,20260417,1
2045,20260424,1
2045,20260124,1
2045,20260131,1
2045,20260328,1
2045,20260404,1
2045,20260411,1
2045,20260418,1
2045,20260425,1
2045,20260329,1
2045,20260405,1
2045,20260412,1
2045,20260419,1
2045,20260426,1
2046,20260123,1
2046,20260130,1
2046,20260213,1
2046,20260220,1
2046,20260227,1
2046,20260306,1
2046,20260313,1
2046,20260320,1
2046,20260327,1
2046,20260417,1
2046,20260424,1
2047,20260126,1
2047,20260209,1
2047,20260216,1
2047,20260223,1
2047,20260302,1
2047,20260309,1
2047,20260316,1
2047,20260323,1
2047,20260413,1
2047,20260420,1
2047,20260427,1
2047,20260120,1
2047,20260127,1
2047,20260210,1
2047,20260217,1
2047,20260224,1
2047,20260303,1
2047,20260310,1
2047,20260317,1
2047,20260324,1
2047,20260414,1
2047,20260421,1
2047,20260428,1
2047,20260121,1
2047,20260128,1
2047,20260211,1
2047,20260218,1
2047,20260225,1
2047,20260304,1
2047,20260311,1
2047,20260318,1
2047,20260325,1
2047,20260415,1
2047,20260422,1
2047,20260429,1
2047,20260122,1
2047,20260129,1
2047,20260212,1
2047,20260219,1
2047,20260226,1
2047,20260305,1
2047,20260312,1
2047,20260319,1
2047,20260326,1
2047,20260416,1
2047,20260423,1
2047,20260430,1
2048,20260202,1
2048,20260209,1
2048,20260216,1
2048,20260223,1
2048,20260302,1
2048,20260309,1
2048,20260316,1
2048,20260323,1
2048,20260203,1
2048,20260210,1
2048,20260217,1
2048,20260224,1
2048,20260303,1
2048,20260310,1
2048,20260317,1
2048,20260324,1
2048,20260204,1
2048,20260211,1
2048,20260218,1
2048,20260225,1
2048,20260304,1
2048,20260311,1
2048,20260318,1
2048,20260325,1
2048,20260205,1
2048,20260212,1
2048,20260219,1
2048,20260226,1
2048,20260305,1
2048,20260312,1
2048,20260319,1
2048,20260326,1
2048,20260213,1
2048,20260220,1
2048,20260227,1
2048,20260306,1
2048,20260313,1
2048,20260320,1
2048,20260327,1
2048,20260207,1
2048,20260214,1
2048,20260221,1
2048,20260228,1
2048,20260307,1
2048,20260314,1
2048,20260321,1
2048,20260208,1
2048,20260215,1
2048,20260222,1
2048,20260301,1
2048,20260308,1
2048,20260315,1
2048,20260322,1
2049,20260209,1
2049,20260216,1
2049,20260223,1
2049,20260302,1
2049,20260309,1
2049,20260316,1
2049,20260323,1
2049,20260210,1
2049,20260217,1
2049,20260224,1
2049,20260303,1
2049,20260310,1
2049,20260317,1
2049,20260324,1
2049,20260211,1
2049,20260218,1
2049,20260225,1
2049,20260304,1
2049,20260311,1
2049,20260318,1
2049,20260325,1
2049,20260212,1
2049,20260219,1
2049,20260226,1
2049,20260305,1
2049,20260312,1
2049,20260319,1
2049,20260326,1
2049,20260207,1
2049,20260214,1
2049,20260221,1
2049,20260228,1
2049,20260307,1
2049,20260314,1
2049,20260321,1
2049,20260208,1
2049,20260215,1
2049,20260222,1
2049,20260301,1
2049,20260308,1
2049,20260315,1
2049,20260322,1
2050,20260206,1
2050,20260213,1
2050,20260220,1
2050,20260227,1
2050,20260306,1
2050,20260313,1
2050,20260320,1
2050,20260327,1
2051,20260209,1
2051,20260216,1
2051,20260223,1
2051,20260302,1
2051,20260309,1
2051,20260316,1
2051,20260323,1
2051,20260210,1
2051,20260217,1
2051,20260224,1
2051,20260303,1
2051,20260310,1
2051,20260317,1
2051,20260324,1
2051,20260211,1
2051,20260218,1
2051,20260225,1
2051,20260304,1
2051,20260311,1
2051,20260318,1
2051,20260325,1
2051,20260212,1
2051,20260219,1
2051,20260226,1
2051,20260305,1
2051,20260312,1
2051,20260319,1
2051,20260326,1
2051,20260213,1
2051,20260220,1
2051,20260227,1
2051,20260306,1
2051,20260313,1
2051,20260320,1
2051,20260327,1
2051,20260207,1
2051,20260214,1
2051,20260221,1
2051,20260228,1
2051,20260307,1
2051,20260314,1
2051,20260321,1
2051,20260208,1
2051,20260215,1
2051,20260222,1
2051,20260301,1
2051,20260308,1
2051,20260315,1
2051,20260322,1
2052,20260206,1
2052,20260207,1
2052,20260214,1
2052,20260221,1
2052,20260228,1
2052,20260307,1
2052,20260314,1
2052,20260321,1
2052,20260208,1
2052,20260215,1
2052,20260222,1
2052,20260301,1
2052,20260308,1
2052,20260315,1
2052,20260322,1
2053,20260202,1
2053,20260209,1
2053,20260216,1
2053,20260223,1
2053,20260302,1
2053,20260309,1
2053,20260316,1
2053,20260323,1
2053,20260203,1
2053,20260210,1
2053,20260217,1
2053,20260224,1
2053,20260303,1
2053,20260310,1
2053,20260317,1
2053,20260324,1
2053,20260204,1
2053,20260211,1
2053,20260218,1
2053,20260225,1
2053,20260304,1
2053,20260311,1
2053,20260318,1
2053,20260325,1
2053,20260205,1
2053,20260212,1
2053,20260219,1
2053,20260226,1
2053,20260305,1
2053,20260312,1
2053,20260319,1
2053,20260326,1
2053,20260213,1
2053,20260220,1
2053,20260227,1
2053,20260306,1
2053,20260313,1
2053,20260320,1
2053,20260327,1
2054,20260202,1
2054,20260203,1
2054,20260204,1
2054,20260205,1
2054,20260207,1
2054,20260214,1
2054,20260221,1
2054,20260228,1
2054,20260307,1
2054,20260314,1
2054,20260321,1
2054,20260208,1
2054,20260215,1
2054,20260222,1
2054,20260301,1
2054,20260308,1
2054,20260315,1
2054,20260322,1
2055,20260209,1
2055,20260216,1
2055,20260223,1
2055,20260302,1
2055,20260309,1
2055,20260316,1
2055,20260323,1
2055,20260210,1
2055,20260217,1
2055,20260224,1
2055,20260303,1
2055,20260310,1
2055,20260317,1
2055,20260324,1
2055,20260211,1
2055,20260218,1
2055,20260225,1
2055,20260304,1
2055,20260311,1
2055,20260318,1
2055,20260325,1
2055,20260212,1
2055,20260219,1
2055,20260226,1
2055,20260305,1
2055,20260312,1
2055,20260319,1
2055,20260326,1
2055,20260206,1
2055,20260213,1
2055,20260220,1
2055,20260227,1
2055,20260306,1
2055,20260313,1
2055,20260320,1
2055,20260327,1
2056,20260209,1
2056,20260216,1
2056,20260223,1
2056,20260302,1
2056,20260309,1
2056,20260316,1
2056,20260323,1
2056,20260210,1
2056,20260217,1
2056,20260224,1
2056,20260303,1
2056,20260310,1
2056,20260317,1
2056,20260324,1
2056,20260211,1
2056,20260218,1
2056,20260225,1
2056,20260304,1
2056,20260311,1
2056,20260318,1
2056,20260325,1
2056,20260212,1
2056,20260219,1
2056,20260226,1
2056,20260305,1
2056,20260312,1
2056,20260319,1
2056,20260326,1
2056,20260206,1
2056,20260213,1
2056,20260220,1
2056,20260227,1
2056,20260306,1
2056,20260313,1
2056,20260320,1
2056,20260327,1
2056,20260207,1
2056,20260214,1
2056,20260221,1
2056,20260228,1
2056,20260307,1
2056,20260314,1
2056,20260321,1
2056,20260208,1
2056,20260215,1
2056,20260222,1
2056,20260301,1
2056,20260308,1
2056,20260315,1
2056,20260322,1
2057,20260202,1
2057,20260203,1
2057,20260204,1
2057,20260205,1
2057,20260206,1
2057,20260213,1
2057,20260220,1
2057,20260227,1
2057,20260306,1
2057,20260313,1
2057,20260320,1
2057,20260327,1
2057,20260207,1
2057,20260214,1
2057,20260221,1
2057,20260228,1
2057,20260307,1
2057,20260314,1
2057,20260321,1
2058,20260202,1
2058,20260209,1
2058,20260216,1
2058,20260223,1
2058,20260302,1
2058,20260309,1
2058,20260316,1
2058,20260323,1
2058,20260203,1
2058,20260210,1
2058,20260217,1
2058,20260224,1
2058,20260303,1
2058,20260310,1
2058,20260317,1
2058,20260324,1
2058,20260204,1
2058,20260211,1
2058,20260218,1
2058,20260225,1
2058,20260304,1
2058,20260311,1
2058,20260318,1
2058,20260325,1
2058,20260205,1
2058,20260212,1
2058,20260219,1
2058,20260226,1
2058,20260305,1
2058,20260312,1
2058,20260319,1
2058,20260326,1
2058,20260208,1
2058,20260215,1
2058,20260222,1
2058,20260301,1
2058,20260308,1
2058,20260315,1
2058,20260322,1
2059,20260124,1
2059,20260131,1
2059,20260328,1
2059,20260404,1
2059,20260411,1
2059,20260418,1
2059,20260425,1
2059,20260125,1
2059,20260201,1
2060,20260126,1
2060,20260413,1
2060,20260420,1
2060,20260427,1
2060,20260120,1
2060,20260127,1
2060,20260414,1
2060,20260421,1
2060,20260428,1
2060,20260121,1
2060,20260128,1
2060,20260415,1
2060,20260422,1
2060,20260429,1
2060,20260122,1
2060,20260129,1
2060,20260416,1
2060,20260423,1
2060,20260430,1
2060,20260123,1
2060,20260130,1
2060,20260410,1
2060,20260417,1
2060,20260424,1
2060,20260124,1
2060,20260131,1
2060,20260328,1
2060,20260404,1
2060,20260411,1
2060,20260418,1
2060,20260425,1
2061,20260126,1
2061,20260120,1
2061,20260127,1
2061,20260121,1
2061,20260128,1
2061,20260122,1
2061,20260129,1
2061,20260123,1
2061,20260130,1
2061,20260410,1
2061,20260417,1
2061,20260424,1
2061,20260124,1
2061,20260131,1
2061,20260328,1
2061,20260404,1
2061,20260411,1
2061,20260418,1
2061,20260425,1
2062,20260207,1
2062,20260214,1
2062,20260221,1
2062,20260228,1
2062,20260307,1
2062,20260314,1
2062,20260321,1
2062,20260215,1
2062,20260222,1
2062,20260301,1
2062,20260308,1
2062,20260315,1
2062,20260322,1
2063,20260207,1
2063,20260214,1
2063,20260221,1
2063,20260228,1
2063,20260307,1
2063,20260314,1
2063,20260321,1
2063,20260208,1
2064,20260209,1
2064,20260216,1
2064,20260223,1
2064,20260302,1
2064,20260309,1
2064,20260316,1
2064,20260323,1
2064,20260210,1
2064,20260217,1
2064,20260224,1
2064,20260303,1
2064,20260310,1
2064,20260317,1
2064,20260324,1
2064,20260211,1
2064,20260218,1
2064,20260225,1
2064,20260304,1
2064,20260311,1
2064,20260318,1
2064,20260325,1
2064,20260212,1
2064,20260219,1
2064,20260226,1
2064,20260305,1
2064,20260312,1
2064,20260319,1
2064,20260326,1
2064,20260206,1
2064,20260213,1
2064,20260220,1
2064,20260227,1
2064,20260306,1
2064,20260313,1
2064,20260320,1
2064,20260327,1
2064,20260207,1
2064,20260214,1
2064,20260221,1
2064,20260228,1
2064,20260307,1
2064,20260314,1
2064,20260321,1
2065,20260413,1
2065,20260420,1
2065,20260427,1
2065,20260414,1
2065,20260421,1
2065,20260428,1
2065,20260415,1
2065,20260422,1
2065,20260429,1
2065,20260416,1
2065,20260423,1
2065,20260430,1
2066,20260417,1
2066,20260424,1
2067,20260330,1
2067,20260406,1
2067,20260413,1
2067,20260420,1
2067,20260427,1
2067,20260331,1
2067,20260407,1
2067,20260414,1
2067,20260421,1
2067,20260428,1
2067,20260401,1
2067,20260408,1
2067,20260415,1
2067,20260422,1
2067,20260429,1
2067,20260402,1
2067,20260409,1
2067,20260416,1
2067,20260423,1
2067,20260430,1
2067,20260403,1
2067,20260410,1
2067,20260328,1
2067,20260404,1
2067,20260411,1
2067,20260418,1
2067,20260425,1
2067,20260329,1
2067,20260405,1
2067,20260412,1
2067,20260419,1
2067,20260426,1
2068,20260330,1
2068,20260406,1
2068,20260331,1
2068,20260407,1
2068,20260401,1
2068,20260408,1
2068,20260402,1
2068,20260409,1
2068,20260403,1
2068,20260328,1
2068,20260404,1
2068,20260411,1
2068,20260418,1
2068,20260425,1
2068,20260329,1
2068,20260405,1
2068,20260412,1
2068,20260419,1
2068,20260426,1
2069,20260406,1
2069,20260413,1
2069,20260420,1
2069,20260427,1
2069,20260414,1
2069,20260421,1
2069,20260428,1
2069,20260415,1
2069,20260422,1
2069,20260429,1
2069,20260416,1
2069,20260423,1
2069,20260430,1
2069,20260403,1
2069,20260417,1
2069,20260424,1
2069,20260328,1
2069,20260404,1
2069,20260411,1
2069,20260418,1
2069,20260425,1
2069,20260329,1
2069,20260405,1
2069,20260412,1
2069,20260419,1
2069,20260426,1
2070,20260330,1
2070,20260413,1
2070,20260420,1
2070,20260427,1
2070,20260331,1
2070,20260407,1
2070,20260414,1
2070,20260421,1
2070,20260428,1
2070,20260401,1
2070,20260408,1
2070,20260415,1
2070,20260422,1
2070,20260429,1
2070,20260402,1
2070,20260409,1
2070,20260416,1
2070,20260423,1
2070,20260430,1
2070,20260417,1
2070,20260424,1
2071,20260413,1
2071,20260420,1
2071,20260427,1
2071,20260414,1
2071,20260421,1
2071,20260428,1
2071,20260415,1
2071,20260422,1
2071,20260429,1
2071,20260416,1
2071,20260423,1
2071,20260430,1
2071,20260410,1
2071,20260417,1
2071,20260424,1
2072,20260406,1
2072,20260403,1
2072,20260410,1
2072,20260328,1
2072,20260404,1
2072,20260411,1
2072,20260418,1
2072,20260425,1
2072,20260329,1
2072,20260405,1
2072,20260412,1
2072,20260419,1
2072,20260426,1
2073,20260330,1
2073,20260406,1
2073,20260413,1
2073,20260420,1
2073,20260427,1
2073,20260331,1
2073,20260407,1
2073,20260414,1
2073,20260421,1
2073,20260428,1
2073,20260401,1
2073,20260408,1
2073,20260415,1
2073,20260422,1
2073,20260429,1
2073,20260402,1
2073,20260409,1
2073,20260416,1
2073,20260423,1
2073,20260430,1
2073,20260403,1
2073,20260417,1
2073,20260424,1
2073,20260328,1
2073,20260404,1
2073,20260411,1
2073,20260418,1
2073,20260425,1
2073,20260329,1
2073,20260405,1
2073,20260412,1
2073,20260419,1
2073,20260426,1
2074,20260406,1
2074,20260403,1
2074,20260417,1
2074,20260424,1
2074,20260328,1
2074,20260404,1
2074,20260411,1
2074,20260418,1
2074,20260425,1
2074,20260329,1
2074,20260405,1
2074,20260412,1
2074,20260419,1
2074,20260426,1
2075,20260413,1
2075,20260420,1
2075,20260427,1
2075,20260414,1
2075,20260421,1
2075,20260428,1
2075,20260415,1
2075,20260422,1
2075,20260429,1
2075,20260416,1
2075,20260423,1
2075,20260430,1
2075,20260410,1
2075,20260417,1
2075,20260424,1
2075,20260328,1
2075,20260404,1
2075,20260411,1
2075,20260418,1
2075,20260425,1
2076,20260413,1
2076,20260420,1
2076,20260427,1
2076,20260414,1
2076,20260421,1
2076,20260428,1
2076,20260415,1
2076,20260422,1
2076,20260429,1
2076,20260416,1
2076,20260423,1
2076,20260430,1
2076,20260410,1
2076,20260417,1
2076,20260424,1
2076,20260328,1
2076,20260404,1
2076,20260411,1
2076,20260418,1
2076,20260425,1
2076,20260208,1
2077,20260126,1
2077,20260202,1
2077,20260209,1
2077,20260216,1
2077,20260223,1
2077,20260302,1
2077,20260309,1
2077,20260316,1
2077,20260323,1
2077,20260120,1
2077,20260127,1
2077,20260203,1
2077,20260210,1
2077,20260217,1
2077,20260224,1
2077,20260303,1
2077,20260310,1
2077,20260317,1
2077,20260324,1
2077,20260121,1
2077,20260128,1
2077,20260204,1
2077,20260211,1
2077,20260218,1
2077,20260225,1
2077,20260304,1
2077,20260311,1
2077,20260318,1
2077,20260325,1
2077,20260122,1
2077,20260129,1
2077,20260205,1
2077,20260212,1
2077,20260219,1
2077,20260226,1
2077,20260305,1
2077,20260312,1
2077,20260319,1
2077,20260326,1
2077,20260206,1
2077,20260124,1
2077,20260131,1
2077,20260207,1
2077,20260214,1
2077,20260221,1
2077,20260228,1
2077,20260307,1
2077,20260314,1
2077,20260321,1
2077,20260125,1
2077,20260201,1
2077,20260208,1
2077,20260215,1
2077,20260222,1
2077,20260301,1
2077,20260308,1
2077,20260315,1
2077,20260322,1
2078,20260202,1
2078,20260203,1
2078,20260204,1
2078,20260205,1
2078,20260124,1
2078,20260131,1
2078,20260207,1
2078,20260214,1
2078,20260221,1
2078,20260228,1
2078,20260307,1
2078,20260314,1
2078,20260321,1
2078,20260125,1
2078,20260201,1
2078,20260208,1
2078,20260215,1
2078,20260222,1
2078,20260301,1
2078,20260308,1
2078,20260315,1
2078,20260322,1
2079,20260126,1
2079,20260209,1
2079,20260216,1
2079,20260223,1
2079,20260302,1
2079,20260309,1
2079,20260316,1
2079,20260323,1
2079,20260120,1
2079,20260127,1
2079,20260210,1
2079,20260217,1
2079,20260224,1
2079,20260303,1
2079,20260310,1
2079,20260317,1
2079,20260324,1
2079,20260121,1
2079,20260128,1
2079,20260211,1
2079,20260218,1
2079,20260225,1
2079,20260304,1
2079,20260311,1
2079,20260318,1
2079,20260325,1
2079,20260122,1
2079,20260129,1
2079,20260212,1
2079,20260219,1
2079,20260226,1
2079,20260305,1
2079,20260312,1
2079,20260319,1
2079,20260326,1
2079,20260123,1
2079,20260130,1
2079,20260213,1
2079,20260220,1
2079,20260227,1
2079,20260306,1
2079,20260313,1
2079,20260320,1
2079,20260327,1
2079,20260124,1
2079,20260131,1
2079,20260207,1
2079,20260214,1
2079,20260221,1
2079,20260228,1
2079,20260307,1
2079,20260314,1
2079,20260321,1
2079,20260125,1
2079,20260201,1
2079,20260208,1
2079,20260215,1
2079,20260222,1
2079,20260301,1
2079,20260308,1
2079,20260315,1
2079,20260322,1
2080,20260126,1
2080,20260202,1
2080,20260209,1
2080,20260216,1
2080,20260223,1
2080,20260302,1
2080,20260309,1
2080,20260316,1
2080,20260323,1
2080,20260120,1
2080,20260127,1
2080,20260203,1
2080,20260210,1
2080,20260217,1
2080,20260224,1
2080,20260303,1
2080,20260310,1
2080,20260317,1
2080,20260324,1
2080,20260121,1
2080,20260128,1
2080,20260204,1
2080,20260211,1
2080,20260218,1
2080,20260225,1
2080,20260304,1
2080,20260311,1
2080,20260318,1
2080,20260325,1
2080,20260122,1
2080,20260129,1
2080,20260205,1
2080,20260212,1
2080,20260219,1
2080,20260226,1
2080,20260305,1
2080,20260312,1
2080,20260319,1
2080,20260326,1
2080,20260123,1
2080,20260130,1
2080,20260213,1
2080,20260220,1
2080,20260227,1
2080,20260306,1
2080,20260313,1
2080,20260320,1
2080,20260327,1
2081,20260126,1
2081,20260209,1
2081,20260216,1
2081,20260223,1
2081,20260302,1
2081,20260309,1
2081,20260316,1
2081,20260323,1
2081,20260120,1
2081,20260127,1
2081,20260210,1
2081,20260217,1
2081,20260224,1
2081,20260303,1
2081,20260310,1
2081,20260317,1
2081,20260324,1
2081,20260121,1
2081,20260128,1
2081,20260211,1
2081,20260218,1
2081,20260225,1
2081,20260304,1
2081,20260311,1
2081,20260318,1
2081,20260325,1
2081,20260122,1
2081,20260129,1
2081,20260212,1
2081,20260219,1
2081,20260226,1
2081,20260305,1
2081,20260312,1
2081,20260319,1
2081,20260326,1
2081,20260123,1
2081,20260130,1
2081,20260206,1
2081,20260213,1
2081,20260220,1
2081,20260227,1
2081,20260306,1
2081,20260313,1
2081,20260320,1
2081,20260327,1
2082,20260206,1
2082,20260124,1
2082,20260131,1
2082,20260207,1
2082,20260214,1
2082,20260221,1
2082,20260228,1
2082,20260307,1
2082,20260314,1
2082,20260321,1
2082,20260125,1
2082,20260201,1
2082,20260208,1
2082,20260215,1
2082,20260222,1
2082,20260301,1
2082,20260308,1
2082,20260315,1
2082,20260322,1
2083,20260126,1
2083,20260202,1
2083,20260209,1
2083,20260216,1
2083,20260223,1
2083,20260302,1
2083,20260309,1
2083,20260316,1
2083,20260323,1
2083,20260120,1
2083,20260127,1
2083,20260203,1
2083,20260210,1
2083,20260217,1
2083,20260224,1
2083,20260303,1
2083,20260310,1
2083,20260317,1
2083,20260324,1
2083,20260121,1
2083,20260128,1
2083,20260204,1
2083,20260211,1
2083,20260218,1
2083,20260225,1
2083,20260304,1
2083,20260311,1
2083,20260318,1
2083,20260325,1
2083,20260122,1
2083,20260129,1
2083,20260205,1
2083,20260212,1
2083,20260219,1
2083,20260226,1
2083,20260305,1
2083,20260312,1
2083,20260319,1
2083,20260326,1
2083,20260123,1
2083,20260130,1
2083,20260213,1
2083,20260220,1
2083,20260227,1
2083,20260306,1
2083,20260313,1
2083,20260320,1
2083,20260327,1
2083,20260124,1
2083,20260131,1
2083,20260207,1
2083,20260214,1
2083,20260221,1
2083,20260228,1
2083,20260307,1
2083,20260314,1
2083,20260321,1
2083,20260125,1
2083,20260201,1
2083,20260208,1
2083,20260215,1
2083,20260222,1
2083,20260301,1
2083,20260308,1
2083,20260315,1
2083,20260322,1
2084,20260126,1
2084,20260209,1
2084,20260216,1
2084,20260223,1
2084,20260302,1
2084,20260309,1
2084,20260316,1
2084,20260323,1
2084,20260120,1
2084,20260127,1
2084,20260210,1
2084,20260217,1
2084,20260224,1
2084,20260303,1
2084,20260310,1
2084,20260317,1
2084,20260324,1
2084,20260121,1
2084,20260128,1
2084,20260211,1
2084,20260218,1
2084,20260225,1
2084,20260304,1
2084,20260311,1
2084,20260318,1
2084,20260325,1
2084,20260122,1
2084,20260129,1
2084,20260212,1
2084,20260219,1
2084,20260226,1
2084,20260305,1
2084,20260312,1
2084,20260319,1
2084,20260326,1
2085,20260123,1
2085,20260130,1
2085,20260213,1
2085,20260220,1
2085,20260227,1
2085,20260306,1
2085,20260313,1
2085,20260320,1
2085,20260327,1
2085,20260124,1
2085,20260131,1
2085,20260207,1
2085,20260214,1
2085,20260221,1
2085,20260228,1
2085,20260307,1
2085,20260314,1
2085,20260321,1
2085,20260125,1
2085,20260201,1
2085,20260208,1
2085,20260215,1
2085,20260222,1
2085,20260301,1
2085,20260308,1
2085,20260315,1
2085,20260322,1
2086,20260126,1
2086,20260209,1
2086,20260216,1
2086,20260223,1
2086,20260302,1
2086,20260309,1
2086,20260316,1
2086,20260323,1
2086,20260120,1
2086,20260127,1
2086,20260210,1
2086,20260217,1
2086,20260224,1
2086,20260303,1
2086,20260310,1
2086,20260317,1
2086,20260324,1
2086,20260121,1
2086,20260128,1
2086,20260211,1
2086,20260218,1
2086,20260225,1
2086,20260304,1
2086,20260311,1
2086,20260318,1
2086,20260325,1
2086,20260122,1
2086,20260129,1
2086,20260212,1
2086,20260219,1
2086,20260226,1
2086,20260305,1
2086,20260312,1
2086,20260319,1
2086,20260326,1
2086,20260123,1
2086,20260130,1
2086,20260206,1
2086,20260213,1
2086,20260220,1
2086,20260227,1
2086,20260306,1
2086,20260313,1
2086,20260320,1
2086,20260327,1
2086,20260124,1
2086,20260131,1
2086,20260207,1
2086,20260214,1
2086,20260221,1
2086,20260228,1
2086,20260307,1
2086,20260314,1
2086,20260321,1
2087,20260126,1
2087,20260209,1
2087,20260216,1
2087,20260223,1
2087,20260302,1
2087,20260309,1
2087,20260316,1
2087,20260323,1
2087,20260120,1
2087,20260127,1
2087,20260210,1
2087,20260217,1
2087,20260224,1
2087,20260303,1
2087,20260310,1
2087,20260317,1
2087,20260324,1
2087,20260121,1
2087,20260128,1
2087,20260211,1
2087,20260218,1
2087,20260225,1
2087,20260304,1
2087,20260311,1
2087,20260318,1
2087,20260325,1
2087,20260122,1
2087,20260129,1
2087,20260212,1
2087,20260219,1
2087,20260226,1
2087,20260305,1
2087,20260312,1
2087,20260319,1
2087,20260326,1
2087,20260123,1
2087,20260130,1
2087,20260206,1
2087,20260213,1
2087,20260220,1
2087,20260227,1
2087,20260306,1
2087,20260313,1
2087,20260320,1
2087,20260327,1
2087,20260124,1
2087,20260131,1
2087,20260207,1
2087,20260214,1
2087,20260221,1
2087,20260228,1
2087,20260307,1
2087,20260314,1
2087,20260321,1
2087,20260125,1
2087,20260201,1
2087,20260215,1
2087,20260222,1
2087,20260301,1
2087,20260308,1
2087,20260315,1
2087,20260322,1
2088,20260126,1
2088,20260209,1
2088,20260216,1
2088,20260223,1
2088,20260302,1
2088,20260309,1
2088,20260316,1
2088,20260323,1
2088,20260120,1
2088,20260127,1
2088,20260210,1
2088,20260217,1
2088,20260224,1
2088,20260303,1
2088,20260310,1
2088,20260317,1
2088,20260324,1
2088,20260121,1
2088,20260128,1
2088,20260211,1
2088,20260218,1
2088,20260225,1
2088,20260304,1
2088,20260311,1
2088,20260318,1
2088,20260325,1
2088,20260122,1
2088,20260129,1
2088,20260212,1
2088,20260219,1
2088,20260226,1
2088,20260305,1
2088,20260312,1
2088,20260319,1
2088,20260326,1
2088,20260125,1
2088,20260201,1
2088,20260208,1
2088,20260215,1
2088,20260222,1
2088,20260301,1
2088,20260308,1
2088,20260315,1
2088,20260322,1
2089,20260126,1
2089,20260209,1
2089,20260216,1
2089,20260223,1
2089,20260302,1
2089,20260309,1
2089,20260316,1
2089,20260323,1
2089,20260330,1
2089,20260406,1
2089,20260413,1
2089,20260420,1
2089,20260427,1
2089,20260120,1
2089,20260127,1
2089,20260210,1
2089,20260217,1
2089,20260224,1
2089,20260303,1
2089,20260310,1
2089,20260317,1
2089,20260324,1
2089,20260331,1
2089,20260407,1
2089,20260414,1
2089,20260421,1
2089,20260428,1
2089,20260121,1
2089,20260128,1
2089,20260211,1
2089,20260218,1
2089,20260225,1
2089,20260304,1
2089,20260311,1
2089,20260318,1
2089,20260325,1
2089,20260401,1
2089,20260408,1
2089,20260415,1
2089,20260422,1
2089,20260429,1
2089,20260122,1
2089,20260129,1
2089,20260212,1
2089,20260219,1
2089,20260226,1
2089,20260305,1
2089,20260312,1
2089,20260319,1
2089,20260326,1
2089,20260402,1
2089,20260409,1
2089,20260416,1
2089,20260423,1
2089,20260430,1
2089,20260403,1
2089,20260125,1
2089,20260201,1
2089,20260208,1
2089,20260215,1
2089,20260222,1
2089,20260301,1
2089,20260308,1
2089,20260315,1
2089,20260322,1
2089,20260329,1
2089,20260405,1
2089,20260412,1
2089,20260419,1
2089,20260426,1
2090,20260206,1
2090,20260410,1
2090,20260124,1
2090,20260131,1
2090,20260207,1
2090,20260214,1
2090,20260221,1
2090,20260228,1
2090,20260307,1
2090,20260314,1
2090,20260321,1
2090,20260328,1
2090,20260404,1
2090,20260411,1
2090,20260418,1
2090,20260425,1
