"service_id","monday","tuesday","wednesday","thursday","friday","saturday","sunday","start_date","end_date"
1,1,1,1,1,1,1,0,20260120,20261212
2,0,0,0,0,0,0,0,20260120,20261212
3,0,0,0,0,0,0,0,20260120,20261212
4,1,1,1,1,1,0,0,20260120,20261212
5,0,0,0,0,0,1,0,20260120,20261212
6,1,1,1,1,1,0,0,20260120,20261212
7,1,1,1,1,1,1,0,20260120,20261212
8,1,1,1,1,1,1,0,20260120,20261212
9,0,0,0,0,0,0,0,20260120,20261212
10,1,1,1,1,1,0,0,20260120,20261212
11,0,0,0,0,0,0,0,20260120,20261212
12,1,1,1,0,0,0,0,20260120,20261212
13,0,0,0,0,0,0,0,20260120,20261212
14,0,0,0,0,0,0,0,20260120,20261212
15,0,0,0,0,0,0,0,20260120,20261212
16,1,1,1,1,1,0,0,20260120,20261212
17,1,1,1,1,1,0,0,20260120,20261212
18,0,0,0,0,0,0,0,20260120,20261212
19,1,1,1,1,1,0,0,20260120,20261212
20,0,0,0,0,0,0,0,20260120,20261212
21,1,1,1,1,1,0,0,20260120,20261212
22,0,0,0,0,0,0,0,20260120,20261212
23,0,0,0,0,0,0,0,20260120,20261212
24,1,1,1,1,0,0,0,20260120,20261212
25,0,0,0,0,1,0,0,20260120,20261212
26,0,0,0,0,1,0,0,20260120,20261212
27,0,1,0,0,0,0,0,20260120,20261212
28,0,0,0,0,0,0,0,20260120,20261212
29,0,0,0,0,0,0,0,20260120,20261212
30,0,1,0,0,0,0,0,20260120,20261212
31,0,0,0,0,0,0,0,20260120,20261212
32,0,0,0,0,0,0,0,20260120,20261212
33,1,1,1,1,0,0,0,20260120,20261212
34,1,1,1,0,0,0,0,20260120,20261212
35,0,0,0,0,0,0,0,20260120,20261212
36,0,0,0,0,1,0,0,20260120,20261212
37,0,0,0,0,0,0,0,20260120,20261212
38,1,1,1,1,1,0,0,20260120,20261212
39,0,0,0,0,0,0,0,20260120,20261212
40,0,0,0,0,0,0,0,20260120,20261212
41,0,0,0,0,0,1,0,20260120,20261212
42,0,0,0,0,0,1,1,20260120,20261212
43,0,0,0,0,0,0,0,20260120,20261212
44,0,0,0,0,0,0,0,20260120,20261212
45,0,0,0,0,0,0,0,20260120,20261212
46,0,0,0,0,1,0,0,20260120,20261212
47,0,0,0,0,0,0,0,20260120,20261212
48,0,0,0,0,0,1,1,20260120,20261212
49,0,0,0,0,0,1,0,20260120,20261212
50,0,0,0,0,0,0,0,20260120,20261212
51,0,0,0,0,0,0,0,20260120,20261212
52,0,0,0,0,0,0,0,20260120,20261212
53,0,0,0,0,0,0,0,20260120,20261212
54,0,0,0,0,0,0,0,20260120,20261212
55,0,0,0,0,0,0,0,20260120,20261212
56,1,0,1,1,0,0,0,20260120,20261212
57,0,0,0,0,0,0,0,20260120,20261212
58,0,0,0,0,0,0,0,20260120,20261212
59,0,0,0,0,0,1,1,20260120,20261212
60,0,1,0,0,1,0,0,20260120,20261212
61,0,0,0,0,1,0,0,20260120,20261212
62,1,1,1,1,0,0,0,20260120,20261212
63,0,0,0,0,0,0,0,20260120,20261212
64,0,1,1,1,0,0,0,20260120,20261212
65,1,1,1,1,1,0,0,20260120,20261212
66,1,1,1,1,0,0,0,20260120,20261212
67,0,0,0,0,0,0,0,20260120,20261212
68,0,0,0,0,0,1,1,20260120,20261212
69,1,1,1,1,1,0,0,20260120,20261212
70,0,0,0,0,0,0,0,20260120,20261212
71,0,0,0,0,0,1,1,20260120,20261212
72,0,0,0,0,0,0,1,20260120,20261212
73,0,0,0,0,0,0,0,20260120,20261212
74,0,0,0,0,0,0,0,20260120,20261212
75,0,0,0,0,0,0,0,20260120,20261212
76,0,0,0,0,0,1,1,20260120,20261212
77,0,0,0,0,0,1,1,20260120,20261212
78,0,0,0,0,0,1,1,20260120,20261212
79,0,0,0,0,0,0,0,20260120,20261212
80,1,1,1,1,1,1,1,20260120,20261212
81,1,1,1,1,1,1,1,20260120,20261212
82,1,1,1,1,1,1,1,20260120,20261212
83,0,0,0,0,1,1,0,20260120,20261212
84,0,0,0,0,0,0,0,20260120,20261212
85,1,1,1,1,1,1,1,20260120,20261212
86,0,0,0,0,0,0,0,20260120,20261212
87,0,0,0,0,0,0,0,20260120,20261212
88,0,0,0,0,0,0,0,20260120,20261212
89,0,0,0,0,0,0,0,20260120,20261212
90,0,0,0,0,0,0,0,20260120,20261212
91,1,1,1,1,1,0,0,20260120,20261212
92,0,0,0,0,0,0,1,20260120,20261212
93,0,0,0,0,0,1,0,20260120,20261212
94,1,1,1,1,1,0,0,20260120,20261212
95,0,0,0,0,0,1,1,20260120,20261212
96,1,1,1,1,1,0,1,20260120,20261212
97,0,0,0,0,0,0,0,20260120,20261212
98,0,0,0,0,0,0,0,20260120,20261212
99,0,0,0,0,0,0,0,20260120,20261212
100,0,0,0,0,0,0,0,20260120,20261212
101,0,0,0,0,0,0,0,20260120,20261212
102,1,1,1,1,1,1,0,20260120,20261212
103,0,0,0,0,0,0,1,20260120,20261212
104,1,1,1,1,1,1,1,20260120,20261212
105,1,1,1,1,1,1,0,20260120,20261212
106,1,0,1,1,1,0,0,20260120,20261212
107,0,1,0,0,0,0,0,20260120,20261212
108,0,0,0,0,1,0,0,20260120,20261212
109,0,0,0,0,1,0,0,20260120,20261212
110,0,0,0,0,0,0,0,20260120,20261212
111,0,0,0,0,1,1,0,20260120,20261212
112,0,0,0,0,0,0,0,20260120,20261212
113,0,0,0,0,0,0,0,20260120,20261212
114,0,0,0,0,0,0,0,20260120,20261212
115,0,0,0,0,0,0,0,20260120,20261212
116,0,0,0,0,0,0,0,20260120,20261212
117,0,0,0,0,0,0,0,20260120,20261212
118,0,0,0,0,0,0,0,20260120,20261212
119,0,0,0,0,0,0,0,20260120,20261212
120,0,0,0,0,0,0,0,20260120,20261212
121,1,1,1,1,1,0,1,20260120,20261212
122,0,0,0,0,0,0,1,20260120,20261212
123,0,0,0,0,0,0,0,20260120,20261212
124,0,0,0,0,0,0,0,20260120,20261212
125,0,0,0,0,0,0,1,20260120,20261212
126,0,0,0,0,1,0,0,20260120,20261212
127,0,0,0,0,0,0,0,20260120,20261212
128,0,0,0,0,0,0,0,20260120,20261212
129,0,0,0,0,0,0,0,20260120,20261212
130,0,0,0,0,0,0,0,20260120,20261212
131,1,1,1,1,1,1,1,20260120,20261212
132,0,0,0,0,0,0,0,20260120,20261212
133,0,0,0,0,0,0,0,20260120,20261212
134,1,1,1,1,1,1,1,20260120,20261212
135,0,0,0,0,0,0,0,20260120,20261212
136,1,1,1,1,1,1,1,20260120,20261212
137,1,1,1,1,1,1,1,20260120,20261212
138,0,0,0,0,0,0,0,20260120,20261212
139,0,0,0,0,0,0,0,20260120,20261212
140,0,0,0,0,0,0,0,20260120,20261212
141,0,0,0,0,0,0,0,20260120,20261212
142,0,0,0,0,0,0,0,20260120,20261212
143,1,1,1,1,1,1,1,20260120,20261212
144,0,0,0,0,0,0,0,20260120,20261212
145,0,0,0,0,0,0,0,20260120,20261212
146,0,0,0,0,0,0,0,20260120,20261212
147,0,0,0,0,0,0,0,20260120,20261212
148,0,0,0,0,0,0,0,20260120,20261212
149,0,0,0,0,0,0,0,20260120,20261212
150,0,0,0,0,0,0,0,20260120,20261212
151,0,0,0,0,0,0,0,20260120,20261212
152,0,0,0,0,0,0,0,20260120,20261212
153,0,0,0,0,0,0,0,20260120,20261212
154,0,0,0,0,0,0,0,20260120,20261212
155,0,0,0,0,0,0,0,20260120,20261212
156,0,0,0,0,0,0,0,20260120,20261212
157,0,0,0,0,0,0,0,20260120,20261212
158,0,0,0,0,0,0,0,20260120,20261212
159,0,0,0,0,0,0,0,20260120,20261212
160,0,0,0,0,0,0,0,20260120,20261212
161,0,0,0,0,0,0,0,20260120,20261212
162,0,0,0,0,0,0,0,20260120,20261212
163,0,0,0,0,0,0,0,20260120,20261212
164,0,0,0,0,0,0,0,20260120,20261212
165,0,0,0,0,0,0,0,20260120,20261212
166,1,1,1,1,1,1,1,20260120,20261212
167,1,1,1,1,1,1,1,20260120,20261212
168,0,0,0,0,0,0,0,20260120,20261212
169,0,0,0,0,0,0,0,20260120,20261212
170,0,0,0,0,0,1,1,20260120,20261212
171,0,0,0,0,0,0,0,20260120,20261212
172,0,0,0,0,0,1,1,20260120,20261212
173,0,0,0,0,0,0,0,20260120,20261212
174,0,0,0,0,0,0,0,20260120,20261212
175,0,0,0,0,0,0,0,20260120,20261212
176,0,0,0,0,0,0,0,20260120,20261212
177,0,0,0,0,0,0,0,20260120,20261212
178,0,0,0,0,0,0,0,20260120,20261212
179,0,0,0,0,0,0,0,20260120,20261212
180,0,0,0,0,0,0,0,20260120,20261212
181,0,0,0,0,0,0,0,20260120,20261212
182,0,0,0,0,0,0,0,20260120,20261212
183,0,0,0,0,0,0,0,20260120,20261212
184,0,0,0,0,0,0,0,20260120,20261212
185,0,0,0,0,0,0,0,20260120,20261212
186,0,0,0,0,0,0,0,20260120,20261212
187,0,0,0,0,0,0,0,20260120,20261212
188,0,0,0,0,0,0,0,20260120,20261212
189,0,0,0,0,0,0,0,20260120,20261212
190,0,0,0,0,0,0,0,20260120,20261212
191,0,0,0,0,0,0,0,20260120,20261212
192,0,0,0,0,0,0,0,20260120,20261212
193,0,0,0,0,0,0,0,20260120,20261212
194,0,0,0,0,0,0,0,20260120,20261212
195,0,0,0,0,0,0,0,20260120,20261212
196,0,0,0,0,0,0,0,20260120,20261212
197,0,0,0,0,0,0,0,20260120,20261212
198,0,0,0,0,0,0,0,20260120,20261212
199,1,1,1,1,1,0,0,20260120,20261212
200,0,0,0,0,0,0,1,20260120,20261212
201,1,1,1,1,1,1,0,20260120,20261212
202,0,0,0,0,0,0,0,20260120,20261212
203,1,1,1,1,1,1,1,20260120,20261212
204,0,0,0,0,0,0,0,20260120,20261212
205,1,1,1,1,1,1,1,20260120,20261212
206,1,1,1,1,1,1,1,20260120,20261212
207,0,0,0,0,0,0,0,20260120,20261212
208,1,1,1,1,1,0,0,20260120,20261212
209,0,0,0,0,0,0,0,20260120,20261212
210,0,0,0,0,0,0,0,20260120,20261212
211,0,0,0,0,0,0,0,20260120,20261212
212,0,0,0,0,0,0,0,20260120,20261212
213,0,0,0,0,0,0,0,20260120,20261212
214,0,0,0,0,0,0,0,20260120,20261212
215,0,0,0,0,0,0,0,20260120,20261212
216,0,0,0,0,0,0,0,20260120,20261212
217,0,0,0,0,0,0,0,20260120,20261212
218,0,0,0,0,0,0,0,20260120,20261212
219,0,0,0,0,0,0,0,20260120,20261212
220,0,0,0,0,0,1,1,20260120,20261212
221,1,1,1,1,1,0,0,20260120,20261212
222,0,0,0,0,0,0,0,20260120,20261212
223,0,0,0,0,0,0,0,20260120,20261212
224,0,0,0,0,0,0,0,20260120,20261212
225,0,0,0,0,0,0,0,20260120,20261212
226,0,0,0,0,0,0,0,20260120,20261212
227,0,0,0,0,0,0,0,20260120,20261212
228,0,0,0,0,0,0,0,20260120,20261212
229,0,0,0,0,0,0,0,20260120,20261212
230,0,0,0,0,0,0,0,20260120,20261212
231,0,0,0,0,0,0,0,20260120,20261212
232,0,0,0,0,0,0,0,20260120,20261212
233,0,0,0,0,0,0,0,20260120,20261212
234,0,0,0,0,0,0,0,20260120,20261212
235,0,0,0,0,0,0,0,20260120,20261212
236,0,0,0,0,0,0,0,20260120,20261212
237,0,0,0,0,0,0,0,20260120,20261212
238,0,0,0,0,0,0,0,20260120,20261212
239,0,0,0,0,0,0,0,20260120,20261212
240,0,0,0,0,0,0,0,20260120,20261212
241,0,0,0,0,0,0,0,20260120,20261212
242,0,0,0,0,0,0,0,20260120,20261212
243,0,0,0,0,0,0,0,20260120,20261212
244,0,0,0,0,0,0,0,20260120,20261212
245,0,0,0,0,0,0,0,20260120,20261212
246,0,0,0,0,0,0,0,20260120,20261212
247,0,0,0,0,0,0,0,20260120,20261212
248,0,0,0,0,0,0,0,20260120,20261212
249,0,0,0,0,0,0,0,20260120,20261212
250,0,0,0,0,0,0,0,20260120,20261212
251,1,1,1,1,1,0,0,20260120,20261212
252,0,0,0,0,0,0,0,20260120,20261212
253,0,0,0,0,0,0,0,20260120,20261212
254,0,0,0,0,0,0,0,20260120,20261212
255,1,1,1,1,1,0,0,20260120,20261212
256,0,0,0,0,0,0,0,20260120,20261212
257,0,0,0,0,0,0,0,20260120,20261212
258,0,0,0,0,0,0,0,20260120,20261212
259,0,0,0,0,0,0,0,20260120,20261212
260,0,0,0,0,0,0,0,20260120,20261212
261,0,0,0,0,0,0,0,20260120,20261212
262,0,0,0,0,0,0,0,20260120,20261212
263,0,0,0,0,0,0,0,20260120,20261212
264,0,0,0,0,0,0,0,20260120,20261212
265,0,0,0,0,0,0,0,20260120,20261212
266,0,0,0,0,0,0,0,20260120,20261212
267,1,1,1,1,1,1,1,20260120,20261212
268,0,0,0,0,0,0,0,20260120,20261212
269,0,0,0,0,0,0,0,20260120,20261212
270,0,0,0,0,0,0,0,20260120,20261212
271,0,0,0,0,0,0,0,20260120,20261212
272,1,1,1,1,1,1,1,20260120,20261212
273,0,0,0,0,0,1,1,20260120,20261212
274,1,1,1,1,1,1,1,20260120,20261212
275,0,0,0,0,0,0,0,20260120,20261212
276,1,1,1,1,1,1,1,20260120,20261212
277,0,0,0,0,0,0,0,20260120,20261212
278,0,0,0,0,0,0,0,20260120,20261212
279,1,1,1,1,1,1,1,20260120,20261212
280,1,1,1,1,1,1,1,20260120,20261212
281,0,0,0,0,0,0,0,20260120,20261212
282,0,0,0,0,0,1,1,20260120,20261212
283,1,1,1,1,1,0,0,20260120,20261212
284,1,1,1,1,1,1,1,20260120,20261212
285,1,1,1,1,1,1,1,20260120,20261212
286,1,1,1,1,1,1,1,20260120,20261212
287,0,0,0,0,0,0,0,20260120,20261212
288,1,1,1,1,1,1,1,20260120,20261212
289,0,0,0,0,0,0,0,20260120,20261212
290,1,1,1,1,1,1,1,20260120,20261212
291,0,0,0,0,0,0,0,20260120,20261212
292,0,0,0,0,0,0,0,20260120,20261212
293,1,1,1,1,1,1,1,20260120,20261212
294,1,1,1,1,1,1,1,20260120,20261212
295,1,1,1,1,1,1,1,20260120,20261212
296,1,1,1,1,1,1,1,20260120,20261212
297,1,1,1,1,1,1,1,20260120,20261212
298,1,1,1,1,1,1,1,20260120,20261212
299,1,1,1,1,1,1,1,20260120,20261212
300,1,1,1,1,1,1,1,20260120,20261212
301,1,1,1,1,1,1,1,20260120,20261212
302,1,1,1,1,1,1,1,20260120,20261212
303,1,1,1,1,1,1,1,20260120,20261212
304,1,1,1,1,1,1,1,20260120,20261212
305,1,1,1,1,1,1,1,20260120,20261212
306,1,1,1,1,1,1,1,20260120,20261212
307,0,0,0,0,0,0,0,20260120,20261212
308,1,1,1,1,1,1,1,20260120,20261212
309,1,1,1,1,1,1,1,20260120,20261212
310,1,1,1,1,1,1,1,20260120,20261212
311,1,1,1,1,1,1,1,20260120,20261212
312,1,1,1,1,1,1,1,20260120,20261212
313,0,0,0,0,0,0,0,20260120,20261212
314,0,0,0,0,0,0,0,20260120,20261212
315,0,0,0,0,0,0,0,20260120,20261212
316,1,1,1,1,1,1,1,20260120,20261212
317,0,0,0,0,0,0,0,20260120,20261212
318,1,1,1,1,1,1,1,20260120,20261212
319,0,0,0,0,0,0,0,20260120,20261212
320,0,0,0,0,0,0,0,20260120,20261212
321,0,0,0,0,0,1,1,20260120,20261212
322,0,0,0,0,0,0,0,20260120,20261212
323,1,1,1,1,1,1,1,20260120,20261212
324,0,0,0,0,0,0,0,20260120,20261212
325,1,1,1,1,1,1,1,20260120,20261212
326,1,1,1,1,1,1,1,20260120,20261212
327,1,1,1,1,1,1,1,20260120,20261212
328,0,0,0,0,0,1,1,20260120,20261212
329,1,1,1,1,1,0,0,20260120,20261212
330,0,0,0,0,0,0,0,20260120,20261212
331,1,1,1,1,1,1,1,20260120,20261212
332,0,0,0,0,0,0,0,20260120,20261212
333,1,1,1,1,1,0,0,20260120,20261212
334,0,0,0,0,0,0,0,20260120,20261212
335,1,1,1,1,1,1,1,20260120,20261212
336,1,1,1,1,1,1,1,20260120,20261212
337,0,0,0,0,0,0,0,20260120,20261212
338,0,0,0,0,0,0,0,20260120,20261212
339,0,0,0,0,0,0,0,20260120,20261212
340,0,0,0,0,0,0,0,20260120,20261212
341,0,0,0,0,0,0,0,20260120,20261212
342,0,0,0,0,0,0,0,20260120,20261212
343,0,0,0,0,0,0,0,20260120,20261212
344,0,0,0,0,0,0,0,20260120,20261212
345,0,0,0,0,0,0,0,20260120,20261212
346,0,0,0,0,0,0,0,20260120,20261212
347,0,0,0,0,0,0,0,20260120,20261212
348,0,0,0,0,0,0,0,20260120,20261212
349,0,0,0,0,0,0,0,20260120,20261212
350,0,0,0,0,0,0,0,20260120,20261212
351,0,0,0,0,0,0,0,20260120,20261212
352,1,1,1,1,1,0,0,20260120,20261212
353,0,0,0,0,0,1,1,20260120,20261212
354,0,0,0,0,0,0,0,20260120,20261212
355,1,1,1,1,1,0,0,20260120,20261212
356,0,0,0,0,0,0,0,20260120,20261212
357,1,1,1,1,1,1,1,20260120,20261212
358,0,0,0,0,0,0,0,20260120,20261212
359,1,1,1,1,1,1,1,20260120,20261212
360,0,0,0,0,0,0,0,20260120,20261212
361,0,0,0,0,0,0,0,20260120,20261212
362,1,1,1,1,1,1,0,20260120,20261212
363,0,0,0,0,0,0,0,20260120,20261212
364,0,0,0,0,0,0,1,20260120,20261212
365,0,0,0,0,0,0,0,20260120,20261212
366,0,0,0,0,0,0,0,20260120,20261212
367,1,1,1,1,1,1,1,20260120,20261212
368,0,0,0,0,0,0,0,20260120,20261212
369,0,0,0,0,0,0,0,20260120,20261212
370,0,0,0,0,0,0,0,20260120,20261212
371,1,1,1,1,1,1,1,20260120,20261212
372,0,0,0,0,0,0,0,20260120,20261212
373,0,0,0,0,0,0,0,20260120,20261212
374,0,0,0,0,0,0,0,20260120,20261212
375,0,0,0,0,0,0,0,20260120,20261212
376,1,1,1,1,1,1,1,20260120,20261212
377,0,0,0,0,0,0,0,20260120,20261212
378,0,0,0,0,0,0,0,20260120,20261212
379,1,1,1,1,1,1,1,20260120,20261212
380,0,0,0,0,0,0,0,20260120,20261212
381,0,0,0,0,0,0,0,20260120,20261212
382,0,0,0,0,0,0,0,20260120,20261212
383,0,0,0,0,0,0,0,20260120,20261212
384,1,1,1,1,1,0,0,20260120,20261212
385,0,0,0,0,0,0,0,20260120,20261212
386,0,0,0,0,0,0,0,20260120,20261212
387,1,1,1,1,1,1,0,20260120,20261212
388,0,0,0,0,0,0,0,20260120,20261212
389,0,0,0,0,0,0,0,20260120,20261212
390,0,0,0,0,0,0,0,20260120,20261212
391,0,0,0,0,0,0,0,20260120,20261212
392,0,0,0,0,0,0,0,20260120,20261212
393,0,0,0,0,0,0,0,20260120,20261212
394,0,0,0,0,0,0,0,20260120,20261212
395,0,0,0,0,0,0,0,20260120,20261212
396,1,1,1,1,1,1,1,20260120,20261212
397,0,0,0,0,0,0,0,20260120,20261212
398,0,0,0,0,0,0,0,20260120,20261212
399,0,0,0,0,0,0,0,20260120,20261212
400,0,0,0,0,0,0,0,20260120,20261212
401,0,0,0,0,0,0,0,20260120,20261212
402,0,0,0,0,0,0,0,20260120,20261212
403,0,0,0,0,0,0,0,20260120,20261212
404,0,0,0,0,0,0,0,20260120,20261212
405,0,0,0,0,0,0,0,20260120,20261212
406,0,0,0,0,0,0,0,20260120,20261212
407,0,0,0,0,0,0,0,20260120,20261212
408,1,1,1,1,1,0,0,20260120,20261212
409,0,0,0,0,1,1,0,20260120,20261212
410,1,1,1,1,0,0,1,20260120,20261212
411,1,1,1,1,1,0,0,20260120,20261212
412,1,1,1,1,1,0,0,20260120,20261212
413,1,1,1,1,1,1,1,20260120,20261212
414,1,1,1,1,0,0,1,20260120,20261212
415,1,1,1,1,1,1,1,20260120,20261212
416,1,1,1,1,1,1,1,20260120,20261212
417,1,1,1,1,1,1,1,20260120,20261212
418,1,1,1,1,1,1,1,20260120,20261212
419,1,1,1,1,1,0,0,20260120,20261212
420,0,0,0,0,0,1,1,20260120,20261212
421,1,1,1,1,1,1,1,20260120,20261212
422,0,0,0,0,0,0,0,20260120,20261212
423,1,1,1,1,1,1,1,20260120,20261212
424,0,0,0,0,0,0,0,20260120,20261212
425,1,1,1,1,1,1,1,20260120,20261212
426,0,0,0,0,0,0,0,20260120,20261212
427,0,0,0,0,0,0,0,20260120,20261212
428,1,1,1,1,1,1,1,20260120,20261212
429,0,0,0,0,0,0,0,20260120,20261212
430,0,0,0,0,0,0,0,20260120,20261212
431,1,1,1,1,1,1,1,20260120,20261212
432,1,1,1,1,1,0,0,20260120,20261212
433,0,0,0,0,0,1,1,20260120,20261212
434,1,1,1,1,1,1,1,20260120,20261212
435,0,0,0,0,0,0,0,20260120,20261212
436,0,0,0,0,0,0,0,20260120,20261212
437,1,1,1,1,1,1,1,20260120,20261212
438,0,0,0,0,0,0,0,20260120,20261212
439,1,1,1,1,0,0,1,20260120,20261212
440,1,1,1,1,1,1,1,20260120,20261212
441,1,1,1,1,1,1,1,20260120,20261212
442,0,0,0,0,1,1,0,20260120,20261212
443,1,1,1,1,1,1,1,20260120,20261212
444,0,0,0,0,0,0,0,20260120,20261212
445,0,0,0,0,0,0,0,20260120,20261212
446,0,0,0,0,0,0,0,20260120,20261212
447,0,0,0,0,0,1,1,20260120,20261212
448,0,0,0,0,0,0,0,20260120,20261212
449,0,0,0,0,0,0,0,20260120,20261212
450,0,0,0,0,0,0,0,20260120,20261212
451,1,0,1,0,0,0,0,20260120,20261212
452,0,0,0,0,0,0,0,20260120,20261212
453,0,0,0,0,0,0,0,20260120,20261212
454,1,1,1,1,1,0,0,20260120,20261212
455,0,0,0,0,0,0,0,20260120,20261212
456,0,0,0,0,0,0,0,20260120,20261212
457,0,0,0,0,0,0,0,20260120,20261212
458,0,0,0,0,0,0,0,20260120,20261212
459,0,0,0,0,0,1,1,20260120,20261212
460,1,1,1,1,1,1,1,20260120,20261212
461,0,0,0,0,0,0,0,20260120,20261212
462,0,0,0,0,0,0,0,20260120,20261212
463,0,0,0,0,0,0,0,20260120,20261212
464,0,0,0,0,0,0,0,20260120,20261212
465,0,0,0,0,0,0,0,20260120,20261212
466,0,0,0,0,0,0,0,20260120,20261212
467,0,0,0,0,0,0,0,20260120,20261212
468,0,0,0,0,0,0,0,20260120,20261212
469,0,0,0,0,0,0,0,20260120,20261212
470,0,0,0,0,0,0,0,20260120,20261212
471,0,0,0,0,0,0,0,20260120,20261212
472,0,0,0,0,0,0,0,20260120,20261212
473,0,0,0,0,0,0,0,20260120,20261212
474,0,0,0,0,0,0,0,20260120,20261212
475,0,0,0,0,0,0,0,20260120,20261212
476,0,0,0,0,0,0,0,20260120,20261212
477,0,0,0,0,0,0,0,20260120,20261212
478,0,0,0,0,0,0,0,20260120,20261212
479,0,0,0,0,0,0,0,20260120,20261212
480,0,0,0,0,0,0,0,20260120,20261212
481,0,0,0,0,0,0,0,20260120,20261212
482,0,0,0,0,0,0,0,20260120,20261212
483,0,0,0,0,0,0,0,20260120,20261212
484,0,0,0,0,0,0,0,20260120,20261212
485,0,0,0,0,0,0,1,20260120,20261212
486,0,0,0,0,0,0,0,20260120,20261212
487,0,0,0,0,0,0,1,20260120,20261212
488,1,1,1,1,1,0,0,20260120,20261212
489,0,0,0,0,0,0,0,20260120,20261212
490,1,1,1,1,1,0,0,20260120,20261212
491,1,1,1,1,1,1,0,20260120,20261212
492,1,1,1,1,1,0,0,20260120,20261212
493,0,0,0,0,0,1,0,20260120,20261212
494,1,1,1,1,1,1,1,20260120,20261212
495,0,0,0,0,0,0,0,20260120,20261212
496,0,0,0,0,0,0,0,20260120,20261212
497,1,1,1,1,1,0,1,20260120,20261212
498,0,0,0,0,0,0,0,20260120,20261212
499,0,0,0,0,0,0,0,20260120,20261212
500,0,0,0,0,0,0,0,20260120,20261212
501,0,0,0,0,0,0,0,20260120,20261212
502,1,1,1,1,1,1,1,20260120,20261212
503,1,1,1,1,1,0,0,20260120,20261212
504,0,0,0,0,0,1,1,20260120,20261212
505,1,1,1,1,1,1,1,20260120,20261212
506,1,1,1,1,1,1,1,20260120,20261212
507,1,1,1,1,1,1,1,20260120,20261212
508,1,1,1,1,1,1,1,20260120,20261212
509,0,0,0,0,0,1,1,20260120,20261212
510,0,0,0,0,0,0,0,20260120,20261212
511,0,0,0,0,0,1,1,20260120,20261212
512,1,1,1,1,1,0,0,20260120,20261212
513,0,0,0,0,0,0,0,20260120,20261212
514,1,1,1,1,1,0,0,20260120,20261212
515,0,0,0,0,0,0,0,20260120,20261212
516,1,1,1,1,1,1,1,20260120,20261212
517,0,0,0,0,0,0,0,20260120,20261212
518,0,0,0,0,0,0,0,20260120,20261212
519,0,0,0,0,0,1,1,20260120,20261212
520,1,1,1,1,1,1,1,20260120,20261212
521,1,1,1,1,1,1,1,20260120,20261212
522,1,1,1,1,1,1,1,20260120,20261212
523,1,1,1,1,1,0,0,20260120,20261212
524,1,1,1,1,1,0,0,20260120,20261212
525,0,0,0,0,0,0,0,20260120,20261212
526,0,0,0,0,0,0,0,20260120,20261212
527,0,0,0,0,0,0,0,20260120,20261212
528,0,0,0,0,0,0,0,20260120,20261212
529,0,0,0,0,0,0,0,20260120,20261212
530,0,0,0,0,0,0,0,20260120,20261212
531,0,0,0,0,0,0,0,20260120,20261212
532,0,0,0,0,0,0,0,20260120,20261212
533,0,0,0,0,0,0,0,20260120,20261212
534,1,1,1,1,1,1,1,20260120,20261212
535,1,1,1,1,1,1,1,20260120,20261212
536,1,1,1,1,1,1,1,20260120,20261212
537,1,1,1,1,1,1,1,20260120,20261212
538,0,0,0,0,0,0,0,20260120,20261212
539,1,1,1,1,1,1,1,20260120,20261212
540,0,0,0,0,1,0,0,20260120,20261212
541,1,1,1,1,0,0,0,20260120,20261212
542,0,0,0,0,1,1,1,20260120,20261212
543,0,0,0,0,0,0,0,20260120,20261212
544,1,1,1,1,1,1,1,20260120,20261212
545,1,1,1,1,1,1,1,20260120,20261212
546,1,1,1,1,1,1,1,20260120,20261212
547,0,0,0,0,0,0,0,20260120,20261212
548,1,1,1,1,0,0,1,20260120,20261212
549,0,0,0,0,1,1,0,20260120,20261212
550,1,1,1,1,1,1,1,20260120,20261212
551,0,0,0,0,0,0,0,20260120,20261212
552,0,0,0,0,0,0,0,20260120,20261212
553,0,0,0,0,0,0,0,20260120,20261212
554,0,0,0,0,0,0,0,20260120,20261212
555,0,0,0,0,1,1,0,20260120,20261212
556,0,0,0,0,0,0,0,20260120,20261212
557,1,1,1,1,0,0,1,20260120,20261212
558,0,0,0,0,0,0,0,20260120,20261212
559,0,0,0,0,0,0,0,20260120,20261212
560,0,0,0,0,0,1,1,20260120,20261212
561,1,1,1,1,1,0,0,20260120,20261212
562,1,1,1,1,1,1,1,20260120,20261212
563,0,0,0,0,0,0,0,20260120,20261212
564,0,0,0,0,0,0,0,20260120,20261212
565,1,1,1,1,1,1,1,20260120,20261212
566,0,0,0,0,0,1,1,20260120,20261212
567,1,1,1,1,1,0,0,20260120,20261212
568,0,0,0,0,0,0,0,20260120,20261212
569,0,0,0,0,0,1,1,20260120,20261212
570,0,0,0,0,0,0,0,20260120,20261212
571,0,0,0,0,0,0,0,20260120,20261212
572,1,1,1,1,1,1,1,20260120,20261212
573,0,0,0,0,0,0,0,20260120,20261212
574,0,0,0,0,0,0,0,20260120,20261212
575,1,1,1,1,1,1,1,20260120,20261212
576,0,0,0,0,0,0,0,20260120,20261212
577,0,0,0,0,0,1,1,20260120,20261212
578,0,0,0,0,0,1,1,20260120,20261212
579,1,1,1,1,1,0,0,20260120,20261212
580,0,0,0,0,0,0,0,20260120,20261212
581,1,1,1,1,1,1,1,20260120,20261212
582,1,1,1,1,1,1,1,20260120,20261212
583,0,0,0,0,0,1,1,20260120,20261212
584,1,1,1,1,1,1,1,20260120,20261212
585,1,1,1,1,1,1,1,20260120,20261212
586,0,0,0,0,0,0,0,20260120,20261212
587,1,1,1,1,1,1,1,20260120,20261212
588,0,0,0,0,0,0,0,20260120,20261212
589,0,0,0,0,0,0,0,20260120,20261212
590,0,0,0,0,0,1,1,20260120,20261212
591,0,0,0,0,0,0,0,20260120,20261212
592,0,0,0,0,0,1,1,20260120,20261212
593,0,0,0,0,0,0,0,20260120,20261212
594,1,1,1,1,1,0,0,20260120,20261212
595,0,0,0,0,0,0,0,20260120,20261212
596,0,0,0,0,0,0,0,20260120,20261212
597,0,0,0,0,0,1,1,20260120,20261212
598,1,1,1,1,1,0,0,20260120,20261212
599,0,0,0,0,0,0,0,20260120,20261212
600,0,0,0,0,0,0,0,20260120,20261212
601,0,0,0,0,0,0,0,20260120,20261212
602,0,0,0,0,0,0,0,20260120,20261212
603,0,0,0,0,0,0,0,20260120,20261212
604,0,0,0,0,0,0,0,20260120,20261212
605,0,0,0,0,0,0,0,20260120,20261212
606,1,1,1,1,1,1,0,20260120,20261212
607,0,0,0,0,0,0,0,20260120,20261212
608,0,0,0,0,0,0,1,20260120,20261212
609,0,0,0,0,0,0,0,20260120,20261212
610,0,0,0,0,0,0,0,20260120,20261212
611,0,0,0,0,0,0,0,20260120,20261212
612,1,1,1,1,1,1,1,20260120,20261212
613,0,0,0,0,0,0,0,20260120,20261212
614,1,1,1,1,1,1,1,20260120,20261212
615,0,0,0,0,0,1,1,20260120,20261212
616,0,0,0,0,0,0,0,20260120,20261212
617,0,0,0,0,0,0,0,20260120,20261212
618,0,0,0,0,0,0,0,20260120,20261212
619,1,1,1,1,0,0,0,20260120,20261212
620,1,1,1,1,1,0,0,20260120,20261212
621,0,0,0,0,0,0,0,20260120,20261212
622,0,0,0,0,0,1,1,20260120,20261212
623,0,0,0,0,0,0,0,20260120,20261212
624,0,0,0,0,0,0,0,20260120,20261212
625,0,0,0,0,0,0,0,20260120,20261212
626,0,0,0,0,0,0,0,20260120,20261212
627,0,0,0,0,0,0,0,20260120,20261212
628,0,0,0,0,0,0,0,20260120,20261212
629,0,0,0,0,0,0,0,20260120,20261212
630,0,0,0,0,0,0,0,20260120,20261212
631,1,1,1,1,1,0,0,20260120,20261212
632,0,0,0,0,0,0,0,20260120,20261212
633,1,1,1,1,1,0,0,20260120,20261212
634,0,0,0,0,0,0,0,20260120,20261212
635,1,1,1,1,1,0,1,20260120,20261212
636,0,0,0,0,0,0,0,20260120,20261212
637,0,0,0,0,0,0,0,20260120,20261212
638,0,0,0,0,0,0,0,20260120,20261212
639,0,0,0,0,0,0,0,20260120,20261212
640,0,0,0,0,0,0,0,20260120,20261212
641,0,0,0,0,0,0,0,20260120,20261212
642,0,0,0,0,0,0,0,20260120,20261212
643,1,1,1,1,1,0,1,20260120,20261212
644,1,1,1,1,0,0,0,20260120,20261212
645,0,1,1,1,0,0,0,20260120,20261212
646,0,0,0,0,0,0,0,20260120,20261212
647,0,0,0,0,0,0,0,20260120,20261212
648,0,0,0,0,0,0,0,20260120,20261212
649,0,0,0,0,0,0,0,20260120,20261212
650,0,0,0,0,0,0,0,20260120,20261212
651,0,0,0,0,0,0,0,20260120,20261212
652,0,0,0,0,0,0,0,20260120,20261212
653,1,1,1,1,1,0,0,20260120,20261212
654,1,1,1,1,1,1,1,20260120,20261212
655,0,0,0,0,0,0,0,20260120,20261212
656,0,0,0,0,0,0,0,20260120,20261212
657,0,0,0,0,0,0,0,20260120,20261212
658,0,0,0,0,0,0,0,20260120,20261212
659,0,0,0,0,0,0,0,20260120,20261212
660,0,0,0,0,0,0,0,20260120,20261212
661,0,0,0,0,0,0,0,20260120,20261212
662,0,0,0,0,0,0,0,20260120,20261212
663,0,0,0,0,0,0,0,20260120,20261212
664,1,1,1,1,1,1,0,20260120,20261212
665,0,0,0,0,0,0,0,20260120,20261212
666,0,0,0,0,0,0,0,20260120,20261212
667,0,0,0,0,0,0,0,20260120,20261212
668,0,0,0,0,0,0,0,20260120,20261212
669,0,0,0,0,0,0,0,20260120,20261212
670,0,0,0,0,0,0,0,20260120,20261212
671,0,0,0,0,0,0,0,20260120,20261212
672,0,0,0,0,0,0,0,20260120,20261212
673,0,0,0,0,0,0,0,20260120,20261212
674,0,0,0,0,0,0,0,20260120,20261212
675,0,0,0,0,0,0,0,20260120,20261212
676,0,0,0,0,0,0,0,20260120,20261212
677,0,0,0,0,0,0,1,20260120,20261212
678,0,0,0,0,0,0,0,20260120,20261212
679,0,0,0,0,0,0,0,20260120,20261212
680,0,0,0,0,0,0,0,20260120,20261212
681,0,0,0,0,0,0,0,20260120,20261212
682,0,0,0,0,0,0,0,20260120,20261212
683,0,0,0,0,0,0,0,20260120,20261212
684,0,0,0,0,0,0,0,20260120,20261212
685,1,1,1,1,1,0,0,20260120,20261212
686,0,0,0,0,0,0,0,20260120,20261212
687,0,0,0,0,0,0,0,20260120,20261212
688,0,0,0,0,0,0,0,20260120,20261212
689,0,0,0,0,0,0,0,20260120,20261212
690,1,1,1,1,0,0,1,20260120,20261212
691,0,0,0,0,0,0,0,20260120,20261212
692,0,0,0,0,0,0,0,20260120,20261212
693,0,0,0,0,0,0,0,20260120,20261212
694,0,0,0,0,0,0,0,20260120,20261212
695,0,0,0,0,0,0,0,20260120,20261212
696,0,0,0,0,0,0,0,20260120,20261212
697,0,0,0,0,0,0,0,20260120,20261212
698,0,0,0,0,0,0,0,20260120,20261212
699,0,0,0,0,0,0,0,20260120,20261212
700,0,0,0,0,0,0,0,20260120,20261212
701,0,0,0,0,0,0,0,20260120,20261212
702,0,0,0,0,0,0,0,20260120,20261212
703,0,0,0,0,0,0,0,20260120,20261212
704,0,0,0,0,0,0,0,20260120,20261212
705,0,0,0,0,0,0,0,20260120,20261212
706,0,0,0,0,0,0,0,20260120,20261212
707,0,0,0,0,0,0,0,20260120,20261212
708,0,0,0,0,0,0,0,20260120,20261212
709,0,0,0,0,0,0,0,20260120,20261212
710,0,0,0,0,0,0,0,20260120,20261212
711,0,0,0,0,0,0,0,20260120,20261212
712,0,0,0,0,0,0,0,20260120,20261212
713,0,0,0,0,0,0,0,20260120,20261212
714,0,0,0,0,0,0,0,20260120,20261212
715,0,0,0,0,0,0,0,20260120,20261212
716,0,0,0,0,0,0,0,20260120,20261212
717,0,0,0,0,0,0,0,20260120,20261212
718,0,0,0,0,0,0,0,20260120,20261212
719,0,0,0,0,0,0,0,20260120,20261212
720,0,0,0,0,0,0,0,20260120,20261212
721,0,0,0,0,0,0,0,20260120,20261212
722,0,0,0,0,0,0,0,20260120,20261212
723,0,0,0,0,0,0,0,20260120,20261212
724,0,0,0,0,0,0,0,20260120,20261212
725,0,0,0,0,0,0,0,20260120,20261212
726,0,0,0,0,0,0,0,20260120,20261212
727,0,0,0,0,0,0,0,20260120,20261212
728,0,0,0,0,0,0,0,20260120,20261212
729,0,0,0,0,0,0,0,20260120,20261212
730,0,0,0,0,0,0,0,20260120,20261212
731,0,0,0,0,0,0,0,20260120,20261212
732,0,0,0,0,0,0,0,20260120,20261212
733,0,0,0,0,0,0,0,20260120,20261212
734,0,0,0,0,0,0,0,20260120,20261212
735,0,0,0,0,0,0,0,20260120,20261212
736,0,0,0,0,0,0,0,20260120,20261212
737,0,0,0,0,0,0,0,20260120,20261212
738,0,0,0,0,0,0,0,20260120,20261212
739,0,0,0,0,0,0,0,20260120,20261212
740,0,0,0,0,0,0,0,20260120,20261212
741,0,0,0,0,0,0,0,20260120,20261212
742,0,0,0,0,0,0,0,20260120,20261212
743,0,0,0,0,0,0,0,20260120,20261212
744,0,0,0,0,0,0,0,20260120,20261212
745,0,0,0,0,0,0,0,20260120,20261212
746,0,0,0,0,0,0,0,20260120,20261212
747,0,0,0,0,0,0,0,20260120,20261212
748,0,0,0,0,0,0,0,20260120,20261212
749,0,0,0,0,0,0,0,20260120,20261212
750,0,0,0,0,0,0,0,20260120,20261212
751,0,0,0,0,0,0,0,20260120,20261212
752,0,0,0,0,0,0,0,20260120,20261212
753,0,0,0,0,0,0,0,20260120,20261212
754,0,0,0,0,0,0,0,20260120,20261212
755,0,0,0,0,0,0,0,20260120,20261212
756,0,0,0,0,0,0,0,20260120,20261212
757,0,0,0,0,0,0,0,20260120,20261212
758,0,0,0,0,0,0,0,20260120,20261212
759,0,0,0,0,0,0,0,20260120,20261212
760,0,0,0,0,0,0,0,20260120,20261212
761,0,0,0,0,0,0,0,20260120,20261212
762,0,0,0,0,0,0,0,20260120,20261212
763,0,0,0,0,0,0,0,20260120,20261212
764,0,0,0,0,0,0,0,20260120,20261212
765,0,0,0,0,0,0,0,20260120,20261212
766,0,0,0,0,0,0,0,20260120,20261212
767,0,0,0,0,0,0,0,20260120,20261212
768,0,0,0,0,0,0,0,20260120,20261212
769,0,0,0,0,0,0,0,20260120,20261212
770,0,0,0,0,0,0,0,20260120,20261212
771,0,0,0,0,0,0,0,20260120,20261212
772,0,0,0,0,0,0,0,20260120,20261212
773,1,1,1,1,0,0,1,20260120,20261212
774,0,0,0,0,0,0,0,20260120,20261212
775,1,1,1,1,1,0,0,20260120,20261212
776,0,0,0,0,0,0,0,20260120,20261212
777,0,0,0,0,0,0,0,20260120,20261212
778,0,0,0,0,0,0,0,20260120,20261212
779,0,0,0,0,0,0,0,20260120,20261212
780,0,0,0,0,0,0,0,20260120,20261212
781,0,0,0,0,0,0,0,20260120,20261212
782,0,0,0,0,0,0,0,20260120,20261212
783,0,0,0,0,0,0,0,20260120,20261212
784,0,0,0,0,0,0,0,20260120,20261212
785,1,1,1,1,1,0,0,20260120,20261212
786,0,0,0,0,0,0,0,20260120,20261212
787,0,0,0,0,0,0,0,20260120,20261212
788,0,0,0,0,0,0,0,20260120,20261212
789,0,0,0,0,0,0,0,20260120,20261212
790,0,0,0,0,0,0,0,20260120,20261212
791,0,0,0,0,0,0,0,20260120,20261212
792,0,0,0,0,0,0,0,20260120,20261212
793,0,0,0,0,0,1,1,20260120,20261212
794,0,0,0,0,0,0,0,20260120,20261212
795,0,0,0,0,0,0,0,20260120,20261212
796,0,0,0,0,0,0,0,20260120,20261212
797,0,0,0,0,0,0,0,20260120,20261212
798,0,0,0,0,0,0,0,20260120,20261212
799,0,0,0,0,0,0,0,20260120,20261212
800,0,0,0,0,0,0,0,20260120,20261212
801,0,0,0,0,0,0,0,20260120,20261212
802,0,0,0,0,0,0,0,20260120,20261212
803,0,0,0,0,0,0,0,20260120,20261212
804,0,0,0,0,0,0,0,20260120,20261212
805,0,0,0,0,0,0,0,20260120,20261212
806,0,0,0,0,0,0,0,20260120,20261212
807,0,0,0,0,0,0,0,20260120,20261212
808,0,0,0,0,0,1,1,20260120,20261212
809,0,0,0,0,0,0,0,20260120,20261212
810,0,0,0,0,0,0,0,20260120,20261212
811,0,0,0,0,0,0,0,20260120,20261212
812,0,0,0,0,0,0,0,20260120,20261212
813,0,0,0,0,0,0,0,20260120,20261212
814,0,0,0,0,0,0,0,20260120,20261212
815,0,0,0,0,0,0,0,20260120,20261212
816,0,0,0,0,0,0,0,20260120,20261212
817,0,0,0,0,0,0,0,20260120,20261212
818,0,0,0,0,0,0,0,20260120,20261212
819,0,0,0,0,0,0,0,20260120,20261212
820,0,0,0,0,0,0,0,20260120,20261212
821,0,0,0,0,0,0,1,20260120,20261212
822,0,0,0,0,0,1,1,20260120,20261212
823,0,0,0,0,0,0,0,20260120,20261212
824,0,0,0,0,0,0,0,20260120,20261212
825,1,1,1,1,1,1,1,20260120,20261212
826,0,0,0,0,0,0,0,20260120,20261212
827,0,0,0,0,0,0,0,20260120,20261212
828,1,1,1,1,1,1,1,20260120,20261212
829,1,1,1,1,1,1,0,20260120,20261212
830,0,0,0,0,0,1,0,20260120,20261212
831,0,0,0,0,0,0,0,20260120,20261212
832,0,0,0,0,0,1,1,20260120,20261212
833,0,0,0,0,0,0,1,20260120,20261212
834,0,0,0,0,0,1,0,20260120,20261212
835,0,0,0,0,1,1,0,20260120,20261212
836,1,1,1,1,0,0,1,20260120,20261212
837,1,1,1,1,1,0,0,20260120,20261212
838,0,0,0,0,0,0,0,20260120,20261212
839,1,1,1,1,1,1,1,20260120,20261212
840,0,0,0,0,0,0,0,20260120,20261212
841,0,0,0,0,0,0,0,20260120,20261212
842,0,0,0,0,0,1,1,20260120,20261212
843,0,0,0,0,0,0,0,20260120,20261212
844,0,0,0,0,0,0,0,20260120,20261212
845,0,0,0,0,0,0,0,20260120,20261212
846,0,0,0,0,0,0,0,20260120,20261212
847,0,0,0,0,0,0,0,20260120,20261212
848,0,0,0,0,0,0,0,20260120,20261212
849,0,0,0,0,0,0,0,20260120,20261212
850,0,0,0,0,0,0,0,20260120,20261212
851,0,0,0,0,0,0,0,20260120,20261212
852,0,0,0,0,0,0,0,20260120,20261212
853,0,0,0,0,0,0,0,20260120,20261212
854,0,0,0,0,0,0,0,20260120,20261212
855,0,0,0,0,0,0,0,20260120,20261212
856,1,1,1,1,1,0,0,20260120,20261212
857,0,0,0,0,0,0,0,20260120,20261212
858,1,1,1,1,1,0,0,20260120,20261212
859,0,0,0,0,0,0,0,20260120,20261212
860,1,1,1,1,1,1,1,20260120,20261212
861,0,0,0,0,0,0,0,20260120,20261212
862,1,1,1,1,1,1,1,20260120,20261212
863,0,0,0,0,0,0,0,20260120,20261212
864,0,0,0,0,0,0,0,20260120,20261212
865,1,1,1,1,1,1,1,20260120,20261212
866,0,0,0,0,0,0,0,20260120,20261212
867,0,0,0,0,1,1,0,20260120,20261212
868,0,0,0,0,0,0,0,20260120,20261212
869,1,1,1,1,1,0,0,20260120,20261212
870,0,0,0,0,0,0,0,20260120,20261212
871,1,1,1,1,1,0,0,20260120,20261212
872,0,0,0,0,0,0,0,20260120,20261212
873,0,0,0,0,0,0,0,20260120,20261212
874,1,1,1,1,1,0,0,20260120,20261212
875,1,1,1,1,1,0,0,20260120,20261212
876,1,1,1,1,1,0,0,20260120,20261212
877,1,1,1,1,1,1,1,20260120,20261212
878,1,1,1,1,1,1,1,20260120,20261212
879,1,1,1,1,1,1,1,20260120,20261212
880,1,1,1,1,1,0,0,20260120,20261212
881,1,1,1,1,1,1,1,20260120,20261212
882,0,0,0,0,0,0,0,20260120,20261212
883,1,1,1,1,1,0,0,20260120,20261212
884,0,0,0,0,0,0,0,20260120,20261212
885,1,1,1,1,1,1,0,20260120,20261212
886,1,1,1,1,1,0,1,20260120,20261212
887,1,1,1,1,1,0,0,20260120,20261212
888,0,0,0,0,0,0,0,20260120,20261212
889,0,0,0,0,0,0,0,20260120,20261212
890,0,0,0,0,0,1,1,20260120,20261212
891,1,1,1,1,1,0,0,20260120,20261212
892,0,0,0,0,0,0,0,20260120,20261212
893,0,0,0,0,0,0,0,20260120,20261212
894,0,0,0,0,0,0,0,20260120,20261212
895,0,0,0,0,0,0,0,20260120,20261212
896,0,0,0,0,0,0,0,20260120,20261212
897,0,0,0,0,0,0,0,20260120,20261212
898,0,0,0,0,0,0,0,20260120,20261212
899,0,0,0,0,0,0,0,20260120,20261212
900,0,0,0,0,0,0,0,20260120,20261212
901,0,0,0,0,0,0,0,20260120,20261212
902,0,0,0,0,0,0,0,20260120,20261212
903,0,0,0,0,0,0,0,20260120,20261212
904,0,0,0,0,0,0,0,20260120,20261212
905,0,0,0,0,0,0,0,20260120,20261212
906,1,1,1,1,1,0,0,20260120,20261212
907,0,0,0,0,0,0,0,20260120,20261212
908,0,0,0,0,0,0,0,20260120,20261212
909,1,1,1,0,0,0,0,20260120,20261212
910,0,0,0,0,0,0,0,20260120,20261212
911,0,0,0,0,0,1,0,20260120,20261212
912,0,0,0,0,0,0,1,20260120,20261212
913,0,0,0,0,0,0,0,20260120,20261212
914,0,0,0,0,0,0,0,20260120,20261212
915,0,0,0,0,0,0,0,20260120,20261212
916,0,0,0,0,0,0,0,20260120,20261212
917,0,1,1,1,0,0,0,20260120,20261212
918,0,0,0,0,0,0,0,20260120,20261212
919,0,0,0,0,0,0,0,20260120,20261212
920,0,0,0,0,0,0,0,20260120,20261212
921,0,0,0,0,0,0,0,20260120,20261212
922,0,0,0,0,0,0,0,20260120,20261212
923,0,0,0,0,0,0,0,20260120,20261212
924,0,0,0,0,0,0,0,20260120,20261212
925,0,0,0,0,0,0,0,20260120,20261212
926,0,0,0,0,0,1,0,20260120,20261212
927,0,0,0,0,0,0,0,20260120,20261212
928,0,0,0,0,0,0,0,20260120,20261212
929,0,0,0,0,0,0,0,20260120,20261212
930,0,0,0,0,0,0,0,20260120,20261212
931,0,0,0,0,0,0,0,20260120,20261212
932,0,0,0,0,0,0,0,20260120,20261212
933,1,1,1,1,0,0,0,20260120,20261212
934,0,0,0,0,0,0,0,20260120,20261212
935,0,0,0,0,0,0,0,20260120,20261212
936,0,0,0,0,0,0,0,20260120,20261212
937,0,0,0,0,0,0,0,20260120,20261212
938,0,0,0,0,0,0,0,20260120,20261212
939,0,0,0,0,0,0,0,20260120,20261212
940,0,0,0,0,0,0,0,20260120,20261212
941,0,0,0,0,0,0,0,20260120,20261212
942,0,0,0,0,0,0,0,20260120,20261212
943,0,0,0,0,0,0,0,20260120,20261212
944,0,0,0,0,0,0,0,20260120,20261212
945,0,0,0,0,0,0,0,20260120,20261212
946,0,0,0,0,0,0,0,20260120,20261212
947,0,0,0,0,0,0,0,20260120,20261212
948,0,0,0,0,0,0,0,20260120,20261212
949,0,0,0,0,0,0,0,20260120,20261212
950,0,0,0,0,0,0,0,20260120,20261212
951,0,0,0,0,0,0,0,20260120,20261212
952,0,0,0,0,0,0,0,20260120,20261212
953,0,0,0,0,0,0,0,20260120,20261212
954,0,0,0,0,0,0,0,20260120,20261212
955,0,0,0,0,0,0,0,20260120,20261212
956,0,0,0,0,0,0,0,20260120,20261212
957,0,0,0,0,0,0,0,20260120,20261212
958,0,0,0,0,0,0,0,20260120,20261212
959,0,0,0,0,0,0,0,20260120,20261212
960,0,0,0,0,0,0,0,20260120,20261212
961,0,0,0,0,0,0,0,20260120,20261212
962,0,0,0,0,0,0,0,20260120,20261212
963,0,0,0,0,0,0,0,20260120,20261212
964,0,0,0,0,0,0,0,20260120,20261212
965,0,0,0,0,0,0,0,20260120,20261212
966,0,0,0,0,0,0,0,20260120,20261212
967,0,0,0,0,0,0,0,20260120,20261212
968,0,0,0,0,0,0,0,20260120,20261212
969,0,0,0,0,0,0,0,20260120,20261212
970,0,0,0,0,0,0,0,20260120,20261212
971,0,0,0,0,0,0,0,20260120,20261212
972,0,0,0,0,0,0,0,20260120,20261212
973,0,0,0,0,0,0,0,20260120,20261212
974,0,0,0,0,0,0,0,20260120,20261212
975,0,0,0,0,0,0,0,20260120,20261212
976,0,0,0,0,0,0,0,20260120,20261212
977,0,0,0,0,0,0,0,20260120,20261212
978,0,0,0,0,0,0,0,20260120,20261212
979,0,0,0,0,0,0,0,20260120,20261212
980,0,0,0,0,0,0,0,20260120,20261212
981,0,0,0,0,0,0,0,20260120,20261212
982,0,0,0,0,0,0,0,20260120,20261212
983,0,0,0,0,0,0,0,20260120,20261212
984,0,0,0,0,0,0,0,20260120,20261212
985,0,0,0,0,0,0,0,20260120,20261212
986,0,0,0,0,0,0,0,20260120,20261212
987,0,0,0,0,0,0,0,20260120,20261212
988,0,0,0,0,0,0,0,20260120,20261212
989,0,0,0,0,0,0,0,20260120,20261212
990,0,0,0,0,0,0,0,20260120,20261212
991,0,0,0,0,0,0,0,20260120,20261212
992,0,0,0,0,0,0,0,20260120,20261212
993,0,0,0,0,0,0,0,20260120,20261212
994,0,0,0,0,0,0,0,20260120,20261212
995,0,0,0,0,0,0,0,20260120,20261212
996,0,0,0,0,0,0,0,20260120,20261212
997,0,0,0,0,0,0,0,20260120,20261212
998,0,0,0,0,0,0,0,20260120,20261212
999,0,0,0,0,0,0,0,20260120,20261212
1000,0,0,0,0,0,0,0,20260120,20261212
1001,0,0,0,0,0,0,0,20260120,20261212
1002,0,0,0,0,0,0,0,20260120,20261212
1003,0,0,0,0,0,0,0,20260120,20261212
1004,0,0,0,0,0,0,0,20260120,20261212
1005,0,0,0,0,0,0,0,20260120,20261212
1006,0,0,0,0,0,0,0,20260120,20261212
1007,0,0,0,0,0,0,0,20260120,20261212
1008,0,0,0,0,0,0,0,20260120,20261212
1009,0,0,0,0,0,0,0,20260120,20261212
1010,0,0,0,0,0,0,0,20260120,20261212
1011,0,0,0,0,0,0,0,20260120,20261212
1012,0,0,0,0,0,0,0,20260120,20261212
1013,0,0,0,0,0,0,0,20260120,20261212
1014,0,0,0,0,0,1,0,20260120,20261212
1015,0,0,0,0,1,0,0,20260120,20261212
1016,1,1,1,1,1,0,0,20260120,20261212
1017,0,0,0,0,0,0,0,20260120,20261212
1018,0,0,0,0,0,0,0,20260120,20261212
1019,0,0,0,0,0,0,0,20260120,20261212
1020,0,0,0,0,0,0,0,20260120,20261212
1021,0,0,0,0,0,0,0,20260120,20261212
1022,0,0,0,0,0,0,0,20260120,20261212
1023,0,0,0,0,0,0,0,20260120,20261212
1024,0,0,0,0,0,0,0,20260120,20261212
1025,0,0,0,0,0,0,0,20260120,20261212
1026,1,1,1,1,1,0,0,20260120,20261212
1027,0,0,0,0,0,0,0,20260120,20261212
1028,0,0,0,0,0,0,0,20260120,20261212
1029,0,0,0,0,0,1,1,20260120,20261212
1030,1,1,1,1,0,0,0,20260120,20261212
1031,0,0,0,0,0,0,0,20260120,20261212
1032,0,0,0,0,0,0,0,20260120,20261212
1033,0,0,0,0,0,0,0,20260120,20261212
1034,0,1,1,1,1,0,0,20260120,20261212
1035,0,0,0,0,0,0,0,20260120,20261212
1036,0,0,0,1,0,0,0,20260120,20261212
1037,1,1,1,0,1,0,0,20260120,20261212
1038,0,0,0,0,1,0,0,20260120,20261212
1039,0,0,0,0,0,0,0,20260120,20261212
1040,0,0,0,0,0,0,0,20260120,20261212
1041,1,0,1,0,1,0,0,20260120,20261212
1042,0,0,0,0,0,0,0,20260120,20261212
1043,1,1,1,1,1,0,0,20260120,20261212
1044,0,0,0,0,0,1,0,20260120,20261212
1045,1,1,1,1,1,1,0,20260120,20261212
1046,1,1,1,1,1,0,0,20260120,20261212
1047,0,0,0,0,0,1,0,20260120,20261212
1048,0,0,0,0,0,0,1,20260120,20261212
1049,1,1,1,1,1,0,1,20260120,20261212
1050,0,1,1,1,0,0,0,20260120,20261212
1051,1,0,0,0,1,0,1,20260120,20261212
1052,1,0,0,0,1,0,0,20260120,20261212
1053,0,0,0,0,0,0,1,20260120,20261212
1054,0,0,0,0,0,0,0,20260120,20261212
1055,0,0,0,0,0,0,0,20260120,20261212
1056,0,0,0,0,0,0,0,20260120,20261212
1057,1,1,1,1,1,1,1,20260120,20261212
1058,1,1,1,1,1,1,1,20260120,20261212
1059,0,0,0,0,0,1,1,20260120,20261212
1060,0,0,0,0,1,1,0,20260120,20261212
1061,0,0,0,0,0,0,0,20260120,20261212
1062,0,0,0,0,0,0,1,20260120,20261212
1063,0,0,0,0,1,0,0,20260120,20261212
1064,1,1,1,1,0,0,1,20260120,20261212
1065,1,1,1,1,1,0,0,20260120,20261212
1066,0,0,0,0,0,1,1,20260120,20261212
1067,1,1,1,1,1,0,0,20260120,20261212
1068,1,1,1,1,1,0,0,20260120,20261212
1069,1,1,1,1,1,0,0,20260120,20261212
1070,1,1,1,1,1,1,1,20260120,20261212
1071,0,0,0,0,1,1,0,20260120,20261212
1072,0,0,0,0,0,0,0,20260120,20261212
1073,1,1,1,1,1,0,0,20260120,20261212
1074,0,0,0,0,1,0,0,20260120,20261212
1075,0,0,0,0,1,0,0,20260120,20261212
1076,1,1,1,1,1,1,0,20260120,20261212
1077,0,0,0,0,0,0,0,20260120,20261212
1078,1,1,1,1,1,1,1,20260120,20261212
1079,0,0,0,0,1,1,0,20260120,20261212
1080,0,0,0,0,0,1,1,20260120,20261212
1081,0,0,0,0,0,1,1,20260120,20261212
1082,1,1,1,1,0,1,1,20260120,20261212
1083,1,1,1,1,0,0,1,20260120,20261212
1084,0,0,0,0,1,0,0,20260120,20261212
1085,0,0,0,0,0,0,0,20260120,20261212
1086,0,0,0,0,0,0,0,20260120,20261212
1087,0,0,0,0,0,0,0,20260120,20261212
1088,1,1,1,1,1,0,0,20260120,20261212
1089,1,1,1,1,1,1,0,20260120,20261212
1090,1,1,1,1,1,1,0,20260120,20261212
1091,0,0,0,0,0,1,0,20260120,20261212
1092,1,1,1,1,1,1,1,20260120,20261212
1093,0,0,0,0,0,1,1,20260120,20261212
1094,1,1,1,1,1,1,1,20260120,20261212
1095,0,0,0,0,0,0,1,20260120,20261212
1096,0,0,0,0,0,1,0,20260120,20261212
1097,0,0,0,0,0,0,1,20260120,20261212
1098,0,0,0,0,0,1,0,20260120,20261212
1099,0,0,0,0,0,1,1,20260120,20261212
1100,0,0,0,0,0,1,1,20260120,20261212
1101,0,0,0,0,0,0,0,20260120,20261212
1102,0,0,0,0,0,0,0,20260120,20261212
1103,0,0,0,0,0,1,0,20260120,20261212
1104,1,1,1,1,1,1,0,20260120,20261212
1105,0,0,0,0,0,0,1,20260120,20261212
1106,1,1,1,1,0,1,0,20260120,20261212
1107,0,0,0,0,0,0,0,20260120,20261212
1108,0,0,0,0,0,0,0,20260120,20261212
1109,0,0,0,0,0,0,0,20260120,20261212
1110,1,1,1,1,0,0,1,20260120,20261212
1111,0,0,0,0,0,0,0,20260120,20261212
1112,1,1,1,1,0,0,0,20260120,20261212
1113,0,0,0,0,1,1,1,20260120,20261212
1114,0,0,0,0,0,0,0,20260120,20261212
1115,0,0,0,0,0,0,1,20260120,20261212
1116,0,0,0,0,0,0,0,20260120,20261212
1117,1,1,1,1,1,1,1,20260120,20261212
1118,1,1,1,1,1,1,0,20260120,20261212
1119,0,0,0,0,1,1,1,20260120,20261212
1120,0,0,0,0,0,0,0,20260120,20261212
1121,0,0,0,0,0,0,0,20260120,20261212
1122,0,0,0,0,0,0,0,20260120,20261212
1123,1,1,1,1,1,1,1,20260120,20261212
1124,0,0,0,0,0,1,1,20260120,20261212
1125,0,0,0,0,0,0,0,20260120,20261212
1126,0,0,0,0,0,0,0,20260120,20261212
1127,0,1,0,0,1,0,0,20260120,20261212
1128,0,0,0,0,0,1,1,20260120,20261212
1129,1,1,1,1,0,0,0,20260120,20261212
1130,0,1,1,1,0,0,0,20260120,20261212
1131,0,0,0,0,0,0,0,20260120,20261212
1132,0,0,0,0,0,0,0,20260120,20261212
1133,0,0,0,0,0,0,0,20260120,20261212
1134,0,0,0,0,0,0,0,20260120,20261212
1135,0,0,0,0,0,0,0,20260120,20261212
1136,0,1,0,0,0,0,0,20260120,20261212
1137,0,0,1,0,0,0,0,20260120,20261212
1138,0,0,0,0,0,1,1,20260120,20261212
1139,0,0,1,0,1,0,0,20260120,20261212
1140,1,1,0,1,0,0,0,20260120,20261212
1141,1,1,0,1,1,0,0,20260120,20261212
1142,0,0,1,0,0,0,0,20260120,20261212
1143,1,0,1,1,1,0,0,20260120,20261212
1144,0,0,0,0,1,0,0,20260120,20261212
1145,0,0,0,0,0,0,0,20260120,20261212
1146,0,1,0,1,0,0,0,20260120,20261212
1147,0,0,0,0,0,0,0,20260120,20261212
1148,0,0,0,0,0,0,0,20260120,20261212
1149,0,0,0,1,0,0,0,20260120,20261212
1150,0,0,0,0,0,0,0,20260120,20261212
1151,1,0,1,0,1,0,0,20260120,20261212
1152,0,0,0,0,0,0,0,20260120,20261212
1153,0,0,0,0,0,0,0,20260120,20261212
1154,0,0,0,0,0,0,0,20260120,20261212
1155,0,0,0,0,0,0,0,20260120,20261212
1156,0,0,0,1,0,0,0,20260120,20261212
1157,0,0,0,0,0,0,0,20260120,20261212
1158,0,0,0,0,0,0,0,20260120,20261212
1159,0,0,0,0,0,0,0,20260120,20261212
1160,0,0,0,1,0,0,0,20260120,20261212
1161,0,0,0,1,0,0,0,20260120,20261212
1162,0,0,0,0,0,0,0,20260120,20261212
1163,0,0,0,1,0,0,0,20260120,20261212
1164,0,0,0,0,0,0,0,20260120,20261212
1165,1,1,1,1,1,0,0,20260120,20261212
1166,0,0,0,0,0,1,0,20260120,20261212
1167,0,0,0,0,0,1,1,20260120,20261212
1168,0,0,0,0,0,0,0,20260120,20261212
1169,0,0,0,1,0,0,0,20260120,20261212
1170,0,1,0,1,0,0,0,20260120,20261212
1171,0,0,0,0,0,0,0,20260120,20261212
1172,1,0,1,0,1,0,0,20260120,20261212
1173,1,1,1,0,1,0,0,20260120,20261212
1174,0,0,0,0,0,0,0,20260120,20261212
1175,0,0,0,0,0,0,0,20260120,20261212
1176,0,0,0,1,0,0,0,20260120,20261212
1177,0,0,0,0,0,0,1,20260120,20261212
1178,0,0,0,0,0,0,0,20260120,20261212
1179,0,0,0,1,0,0,0,20260120,20261212
1180,0,0,0,0,0,0,0,20260120,20261212
1181,0,0,0,1,0,0,0,20260120,20261212
1182,0,0,0,0,0,0,0,20260120,20261212
1183,1,1,1,1,1,0,0,20260120,20261212
1184,0,0,0,1,0,0,0,20260120,20261212
1185,0,0,0,0,0,0,0,20260120,20261212
1186,0,0,0,0,0,0,0,20260120,20261212
1187,0,0,0,0,0,0,0,20260120,20261212
1188,0,0,0,0,0,0,0,20260120,20261212
1189,1,0,1,1,0,0,0,20260120,20261212
1190,0,0,0,0,0,0,0,20260120,20261212
1191,0,1,0,0,1,0,0,20260120,20261212
1192,1,0,1,0,0,0,0,20260120,20261212
1193,0,0,0,0,0,0,0,20260120,20261212
1194,0,0,0,0,0,0,0,20260120,20261212
1195,0,0,0,0,0,0,0,20260120,20261212
1196,1,1,0,1,1,0,0,20260120,20261212
1197,0,0,0,0,0,0,0,20260120,20261212
1198,0,0,0,1,0,0,0,20260120,20261212
1199,1,1,1,1,1,0,0,20260120,20261212
1200,0,1,1,0,0,0,0,20260120,20261212
1201,0,0,0,0,0,1,1,20260120,20261212
1202,0,0,0,0,0,0,0,20260120,20261212
1203,0,0,0,0,0,0,0,20260120,20261212
1204,0,0,0,0,0,0,0,20260120,20261212
1205,0,0,0,0,0,0,0,20260120,20261212
1206,0,0,0,0,0,0,0,20260120,20261212
1207,0,0,0,0,0,0,0,20260120,20261212
1208,0,0,0,0,0,0,0,20260120,20261212
1209,0,0,0,0,0,0,0,20260120,20261212
1210,0,0,0,0,0,0,0,20260120,20261212
1211,0,0,0,0,0,0,0,20260120,20261212
1212,0,0,0,0,0,0,0,20260120,20261212
1213,0,0,0,0,0,0,0,20260120,20261212
1214,0,0,0,0,0,0,0,20260120,20261212
1215,0,0,0,0,0,0,0,20260120,20261212
1216,0,0,0,0,0,0,0,20260120,20261212
1217,0,0,0,0,0,0,0,20260120,20261212
1218,0,0,0,0,0,0,0,20260120,20261212
1219,0,0,0,0,0,0,0,20260120,20261212
1220,0,0,0,0,0,0,0,20260120,20261212
1221,0,0,0,0,0,0,0,20260120,20261212
1222,0,0,0,0,0,0,0,20260120,20261212
1223,0,0,0,0,0,1,0,20260120,20261212
1224,0,0,0,0,0,0,1,20260120,20261212
1225,0,0,0,0,0,0,0,20260120,20261212
1226,0,0,0,0,0,0,0,20260120,20261212
1227,0,0,0,0,0,0,0,20260120,20261212
1228,0,0,0,0,0,0,0,20260120,20261212
1229,0,0,0,0,0,0,0,20260120,20261212
1230,0,0,0,0,0,0,0,20260120,20261212
1231,0,0,0,0,0,0,0,20260120,20261212
1232,0,0,0,0,0,0,0,20260120,20261212
1233,0,0,0,0,0,0,0,20260120,20261212
1234,0,0,0,0,0,0,0,20260120,20261212
1235,0,0,0,0,0,0,0,20260120,20261212
1236,0,0,0,0,0,0,0,20260120,20261212
1237,0,0,0,0,0,0,0,20260120,20261212
1238,0,0,0,0,0,0,0,20260120,20261212
1239,0,0,0,0,0,0,0,20260120,20261212
1240,0,0,0,0,0,0,0,20260120,20261212
1241,0,0,0,0,0,0,0,20260120,20261212
1242,0,0,0,0,0,0,0,20260120,20261212
1243,0,0,0,0,0,0,0,20260120,20261212
1244,0,0,0,0,0,0,0,20260120,20261212
1245,0,0,0,0,0,0,0,20260120,20261212
1246,0,0,0,0,0,0,0,20260120,20261212
1247,0,0,0,0,0,0,0,20260120,20261212
1248,0,0,0,0,0,0,0,20260120,20261212
1249,0,0,0,0,0,0,0,20260120,20261212
1250,0,0,0,0,0,0,0,20260120,20261212
1251,0,0,0,0,0,0,0,20260120,20261212
1252,0,0,0,0,0,0,0,20260120,20261212
1253,0,0,0,0,0,0,0,20260120,20261212
1254,0,0,0,0,0,0,0,20260120,20261212
1255,0,0,0,0,0,0,0,20260120,20261212
1256,0,0,0,0,0,0,0,20260120,20261212
1257,0,0,0,0,0,0,0,20260120,20261212
1258,0,0,0,0,0,0,0,20260120,20261212
1259,0,0,0,0,0,0,0,20260120,20261212
1260,0,0,0,0,0,0,0,20260120,20261212
1261,0,0,0,0,0,0,0,20260120,20261212
1262,0,0,0,0,0,0,0,20260120,20261212
1263,0,0,0,0,0,0,0,20260120,20261212
1264,0,0,0,0,0,0,0,20260120,20261212
1265,0,0,0,0,0,0,0,20260120,20261212
1266,0,0,0,0,0,0,0,20260120,20261212
1267,0,0,0,0,0,0,0,20260120,20261212
1268,0,0,0,0,0,0,0,20260120,20261212
1269,0,0,0,0,0,0,0,20260120,20261212
1270,0,0,0,0,0,0,0,20260120,20261212
1271,0,0,0,0,0,0,0,20260120,20261212
1272,0,0,0,0,0,0,0,20260120,20261212
1273,0,0,0,0,0,0,0,20260120,20261212
1274,0,0,0,0,0,0,0,20260120,20261212
1275,0,0,0,0,0,0,0,20260120,20261212
1276,0,0,0,0,0,0,0,20260120,20261212
1277,1,1,1,1,1,0,0,20260120,20261212
1278,1,1,1,1,1,0,0,20260120,20261212
1279,0,0,0,0,0,0,0,20260120,20261212
1280,1,1,1,1,1,0,0,20260120,20261212
1281,1,1,1,1,1,0,0,20260120,20261212
1282,1,1,1,1,1,0,0,20260120,20261212
1283,1,1,1,1,1,0,0,20260120,20261212
1284,0,0,0,0,0,0,1,20260120,20261212
1285,1,1,1,1,1,1,1,20260120,20261212
1286,0,0,0,0,0,1,0,20260120,20261212
1287,0,0,0,0,0,1,1,20260120,20261212
1288,1,1,1,1,1,1,1,20260120,20261212
1289,1,1,1,1,1,1,1,20260120,20261212
1290,1,1,1,1,1,1,1,20260120,20261212
1291,1,1,1,1,1,1,1,20260120,20261212
1292,1,1,1,1,1,1,1,20260120,20261212
1293,1,1,1,1,1,1,1,20260120,20261212
1294,0,0,0,0,0,1,0,20260120,20261212
1295,0,0,0,0,0,0,0,20260120,20261212
1296,1,1,1,1,1,0,0,20260120,20261212
1297,0,0,0,0,0,0,0,20260120,20261212
1298,0,0,0,0,0,0,1,20260120,20261212
1299,0,0,0,0,0,1,0,20260120,20261212
1300,0,0,0,0,0,1,1,20260120,20261212
1301,1,1,1,1,1,0,0,20260120,20261212
1302,1,1,1,1,1,0,0,20260120,20261212
1303,1,1,1,1,1,0,0,20260120,20261212
1304,1,1,1,1,1,0,0,20260120,20261212
1305,0,0,0,0,0,0,0,20260120,20261212
1306,0,0,0,0,0,0,0,20260120,20261212
1307,1,1,1,1,1,1,1,20260120,20261212
1308,1,1,1,1,1,1,1,20260120,20261212
1309,0,0,0,0,0,0,0,20260120,20261212
1310,1,1,1,1,1,0,0,20260120,20261212
1311,1,1,1,1,1,0,0,20260120,20261212
1312,0,0,0,0,0,1,0,20260120,20261212
1313,0,0,0,0,0,1,1,20260120,20261212
1314,0,0,0,0,0,0,1,20260120,20261212
1315,1,1,1,1,1,1,0,20260120,20261212
1316,1,1,1,1,1,1,0,20260120,20261212
1317,0,0,0,0,0,1,0,20260120,20261212
1318,1,1,1,1,1,0,0,20260120,20261212
1319,0,0,0,0,0,1,0,20260120,20261212
1320,1,1,1,1,1,0,0,20260120,20261212
1321,0,0,0,0,0,0,0,20260120,20261212
1322,1,1,1,1,1,0,0,20260120,20261212
1323,0,0,0,0,0,0,0,20260120,20261212
1324,1,1,1,1,1,0,0,20260120,20261212
1325,1,1,1,1,1,0,0,20260120,20261212
1326,1,1,1,1,1,0,0,20260120,20261212
1327,0,0,0,0,0,0,0,20260120,20261212
1328,1,1,1,1,1,0,0,20260120,20261212
1329,0,0,0,0,0,1,0,20260120,20261212
1330,1,1,1,1,1,1,0,20260120,20261212
1331,0,0,0,0,0,1,0,20260120,20261212
1332,0,0,0,0,0,0,1,20260120,20261212
1333,1,1,1,1,1,1,1,20260120,20261212
1334,0,0,0,0,0,1,1,20260120,20261212
1335,1,1,1,1,1,1,1,20260120,20261212
1336,0,0,0,0,0,0,1,20260120,20261212
1337,1,1,1,1,1,1,0,20260120,20261212
1338,1,1,1,1,0,0,0,20260120,20261212
1339,0,0,0,0,1,1,1,20260120,20261212
1340,1,1,1,1,1,1,1,20260120,20261212
1341,1,1,1,1,1,1,1,20260120,20261212
1342,0,0,0,0,0,0,0,20260120,20261212
1343,1,1,1,1,1,1,1,20260120,20261212
1344,0,0,0,0,1,1,0,20260120,20261212
1345,0,0,0,0,0,0,0,20260120,20261212
1346,0,0,0,0,1,1,0,20260120,20261212
1347,1,1,1,1,0,0,1,20260120,20261212
1348,1,1,1,1,1,0,0,20260120,20261212
1349,1,1,1,1,1,1,1,20260120,20261212
1350,1,1,1,1,1,0,0,20260120,20261212
1351,0,0,0,0,0,0,0,20260120,20261212
1352,0,0,0,0,1,1,0,20260120,20261212
1353,0,0,0,0,0,1,1,20260120,20261212
1354,0,0,0,0,0,1,1,20260120,20261212
1355,0,0,0,0,0,0,1,20260120,20261212
1356,0,0,0,0,0,0,0,20260120,20261212
1357,1,1,1,1,1,0,0,20260120,20261212
1358,0,0,0,0,0,0,0,20260120,20261212
1359,1,1,1,1,1,0,0,20260120,20261212
1360,1,1,1,1,1,0,0,20260120,20261212
1361,1,1,1,1,1,1,1,20260120,20261212
1362,0,0,0,0,0,1,0,20260120,20261212
1363,0,0,0,0,0,0,1,20260120,20261212
1364,0,0,0,0,0,1,1,20260120,20261212
1365,0,0,0,0,1,0,0,20260120,20261212
1366,1,1,1,1,0,0,0,20260120,20261212
1367,0,0,0,0,0,0,0,20260120,20261212
1368,0,0,0,0,0,0,0,20260120,20261212
1369,0,0,0,0,0,0,0,20260120,20261212
1370,0,0,0,0,0,0,0,20260120,20261212
1371,0,0,0,0,0,0,0,20260120,20261212
1372,0,0,0,0,0,0,0,20260120,20261212
1373,0,0,0,0,0,0,0,20260120,20261212
1374,0,0,0,0,0,0,0,20260120,20261212
1375,0,0,0,0,0,0,0,20260120,20261212
1376,0,0,0,0,0,0,0,20260120,20261212
1377,0,0,0,0,0,0,0,20260120,20261212
1378,0,0,0,0,0,0,0,20260120,20261212
1379,0,0,0,0,1,1,0,20260120,20261212
1380,1,1,1,1,1,1,0,20260120,20261212
1381,1,1,1,1,0,0,1,20260120,20261212
1382,0,0,0,0,0,1,0,20260120,20261212
1383,0,0,0,0,0,0,1,20260120,20261212
1384,0,0,0,0,0,0,0,20260120,20261212
1385,0,0,0,0,0,0,0,20260120,20261212
1386,0,0,0,0,0,0,0,20260120,20261212
1387,0,0,0,0,0,0,0,20260120,20261212
1388,0,0,0,0,0,0,0,20260120,20261212
1389,0,0,0,0,0,0,0,20260120,20261212
1390,0,0,0,0,0,0,0,20260120,20261212
1391,0,0,0,0,0,0,0,20260120,20261212
1392,0,0,0,0,0,0,0,20260120,20261212
1393,0,0,0,0,0,0,0,20260120,20261212
1394,0,0,0,0,0,0,0,20260120,20261212
1395,0,0,0,0,0,0,0,20260120,20261212
1396,0,0,0,0,0,0,0,20260120,20261212
1397,0,0,0,0,0,0,0,20260120,20261212
1398,0,0,0,0,0,0,0,20260120,20261212
1399,1,1,1,1,1,1,0,20260120,20261212
1400,0,0,0,0,0,0,0,20260120,20261212
1401,0,0,0,0,0,0,0,20260120,20261212
1402,0,0,0,0,0,0,0,20260120,20261212
1403,0,0,0,0,0,0,0,20260120,20261212
1404,0,0,0,0,0,0,0,20260120,20261212
1405,0,0,0,0,1,1,0,20260120,20261212
1406,0,0,0,0,0,0,0,20260120,20261212
1407,0,0,0,0,0,0,0,20260120,20261212
1408,0,0,0,0,0,0,0,20260120,20261212
1409,0,0,0,0,0,0,0,20260120,20261212
1410,0,0,0,0,0,0,0,20260120,20261212
1411,0,0,0,0,0,0,0,20260120,20261212
1412,0,0,0,0,0,0,0,20260120,20261212
1413,0,0,0,0,0,0,0,20260120,20261212
1414,0,0,0,0,0,0,0,20260120,20261212
1415,1,1,1,1,1,0,0,20260120,20261212
1416,0,0,0,0,0,1,1,20260120,20261212
1417,1,1,1,1,1,1,1,20260120,20261212
1418,1,1,1,1,1,1,1,20260120,20261212
1419,1,1,1,1,1,1,1,20260120,20261212
1420,1,1,1,1,1,1,1,20260120,20261212
1421,1,1,1,1,1,1,1,20260120,20261212
1422,0,0,0,0,1,1,0,20260120,20261212
1423,1,1,1,1,0,0,1,20260120,20261212
1424,0,0,0,0,0,0,0,20260120,20261212
1425,0,0,0,0,0,0,0,20260120,20261212
1426,1,1,1,1,0,0,1,20260120,20261212
1427,0,0,0,0,0,0,0,20260120,20261212
1428,1,1,1,1,0,0,1,20260120,20261212
1429,0,0,0,0,0,0,0,20260120,20261212
1430,1,1,1,1,0,0,1,20260120,20261212
1431,1,1,1,1,1,0,0,20260120,20261212
1432,1,1,1,1,1,0,0,20260120,20261212
1433,0,0,0,0,0,0,0,20260120,20261212
1434,1,1,1,1,1,0,0,20260120,20261212
1435,0,0,0,0,0,0,0,20260120,20261212
1436,1,1,1,1,1,0,0,20260120,20261212
1437,0,0,0,0,0,0,0,20260120,20261212
1438,0,0,0,0,0,0,0,20260120,20261212
1439,0,0,0,0,0,0,0,20260120,20261212
1440,1,1,1,1,1,1,1,20260120,20261212
1441,1,1,1,1,1,1,1,20260120,20261212
1442,1,1,1,1,1,0,0,20260120,20261212
1443,0,0,0,0,0,0,0,20260120,20261212
1444,0,0,0,0,0,0,1,20260120,20261212
1445,0,0,0,0,0,0,0,20260120,20261212
1446,0,0,0,0,0,1,0,20260120,20261212
1447,0,0,0,0,0,0,0,20260120,20261212
1448,1,1,1,1,1,0,0,20260120,20261212
1449,1,1,1,1,0,0,0,20260120,20261212
1450,0,0,0,0,1,0,0,20260120,20261212
1451,1,1,1,1,1,1,1,20260120,20261212
1452,1,1,1,1,1,1,1,20260120,20261212
1453,1,1,1,1,1,1,1,20260120,20261212
1454,1,1,1,1,0,0,1,20260120,20261212
1455,0,0,0,0,0,0,0,20260120,20261212
1456,1,1,1,1,0,0,1,20260120,20261212
1457,0,0,0,0,0,0,0,20260120,20261212
1458,1,1,1,1,1,0,0,20260120,20261212
1459,1,1,1,1,0,1,1,20260120,20261212
1460,0,0,0,0,0,0,0,20260120,20261212
1461,1,1,1,1,1,0,0,20260120,20261212
1462,0,0,0,0,0,1,0,20260120,20261212
1463,1,1,1,1,1,0,1,20260120,20261212
1464,1,1,1,1,1,0,1,20260120,20261212
1465,1,1,1,1,1,0,0,20260120,20261212
1466,0,0,0,0,0,1,1,20260120,20261212
1467,1,1,1,1,1,0,0,20260120,20261212
1468,1,1,1,1,1,1,1,20260120,20261212
1469,1,1,1,1,1,1,0,20260120,20261212
1470,1,1,1,1,1,1,1,20260120,20261212
1471,1,1,1,1,1,0,0,20260120,20261212
1472,1,1,1,1,1,0,0,20260120,20261212
1473,0,0,0,0,0,0,1,20260120,20261212
1474,1,1,1,1,1,1,0,20260120,20261212
1475,0,0,0,0,0,1,1,20260120,20261212
1476,1,1,1,1,1,1,1,20260120,20261212
1477,1,1,1,1,1,1,1,20260120,20261212
1478,1,1,1,1,1,1,1,20260120,20261212
1479,1,1,1,1,0,0,1,20260120,20261212
1480,0,0,0,0,1,1,0,20260120,20261212
1481,0,0,0,0,0,1,0,20260120,20261212
1482,0,0,0,0,0,0,1,20260120,20261212
1483,1,1,1,1,1,1,0,20260120,20261212
1484,1,1,1,1,1,1,1,20260120,20261212
1485,1,1,1,1,1,1,1,20260120,20261212
1486,1,1,1,1,1,1,1,20260120,20261212
1487,1,1,1,1,0,0,1,20260120,20261212
1488,0,0,0,0,0,0,0,20260120,20261212
1489,0,0,0,0,0,0,0,20260120,20261212
1490,0,0,0,0,0,0,0,20260120,20261212
1491,1,1,1,1,1,0,0,20260120,20261212
1492,1,1,1,1,1,0,0,20260120,20261212
1493,1,1,1,1,1,1,0,20260120,20261212
1494,0,0,0,0,0,0,0,20260120,20261212
1495,0,0,0,0,0,0,1,20260120,20261212
1496,1,1,1,1,1,1,0,20260120,20261212
1497,0,0,0,0,0,0,0,20260120,20261212
1498,1,1,1,1,1,1,1,20260120,20261212
1499,0,0,0,0,0,0,0,20260120,20261212
1500,1,1,1,1,1,1,1,20260120,20261212
1501,0,0,0,0,0,0,0,20260120,20261212
1502,1,1,1,1,1,1,1,20260120,20261212
1503,0,0,0,0,0,0,0,20260120,20261212
1504,1,1,1,1,1,1,1,20260120,20261212
1505,0,0,0,0,0,0,0,20260120,20261212
1506,1,1,1,1,1,1,1,20260120,20261212
1507,0,0,0,0,0,0,0,20260120,20261212
1508,1,1,1,1,1,1,1,20260120,20261212
1509,0,0,0,0,0,0,0,20260120,20261212
1510,1,1,1,1,1,1,1,20260120,20261212
1511,0,0,0,0,0,0,1,20260120,20261212
1512,1,1,1,1,1,1,0,20260120,20261212
1513,0,0,0,0,0,0,1,20260120,20261212
1514,1,1,1,1,1,1,0,20260120,20261212
1515,1,1,1,1,1,1,0,20260120,20261212
1516,1,1,1,1,1,1,0,20260120,20261212
1517,1,1,1,1,1,1,0,20260120,20261212
1518,1,1,1,1,1,0,0,20260120,20261212
1519,1,1,1,1,1,0,0,20260120,20261212
1520,1,1,1,1,1,1,1,20260120,20261212
1521,1,1,1,1,1,1,0,20260120,20261212
1522,1,1,1,1,1,1,0,20260120,20261212
1523,1,1,1,1,1,1,0,20260120,20261212
1524,1,1,1,1,1,1,0,20260120,20261212
1525,1,1,1,1,1,0,1,20260120,20261212
1526,1,1,1,1,1,1,0,20260120,20261212
1527,1,1,1,1,1,1,1,20260120,20261212
1528,0,0,0,0,0,0,1,20260120,20261212
1529,1,1,1,1,1,1,0,20260120,20261212
1530,1,1,1,1,1,1,1,20260120,20261212
1531,1,1,1,1,1,1,1,20260120,20261212
1532,1,1,1,1,1,1,1,20260120,20261212
1533,1,1,1,1,0,0,1,20260120,20261212
1534,1,1,1,1,0,0,1,20260120,20261212
1535,0,0,0,0,0,0,1,20260120,20261212
1536,0,0,0,0,0,0,1,20260120,20261212
1537,0,0,0,0,0,0,0,20260120,20261212
1538,0,0,0,0,1,1,0,20260120,20261212
1539,1,1,1,1,0,0,1,20260120,20261212
1540,1,1,1,1,1,1,1,20260120,20261212
1541,1,1,1,1,1,0,0,20260120,20261212
1542,1,1,1,1,1,1,0,20260120,20261212
1543,0,0,0,0,0,0,0,20260120,20261212
1544,0,0,0,0,0,0,0,20260120,20261212
1545,0,0,0,0,0,0,0,20260120,20261212
1546,0,0,0,0,0,0,0,20260120,20261212
1547,0,0,0,0,0,0,0,20260120,20261212
1548,0,0,0,0,0,0,0,20260120,20261212
1549,0,0,0,0,0,0,0,20260120,20261212
1550,1,1,1,1,1,1,1,20260120,20261212
1551,1,1,1,1,1,1,1,20260120,20261212
1552,1,1,1,1,1,1,1,20260120,20261212
1553,1,1,1,1,1,1,1,20260120,20261212
1554,1,1,1,1,1,1,1,20260120,20261212
1555,1,1,1,1,1,1,1,20260120,20261212
1556,1,1,1,1,0,0,1,20260120,20261212
1557,1,1,1,1,0,0,1,20260120,20261212
1558,0,0,0,0,0,0,0,20260120,20261212
1559,1,0,0,1,0,0,0,20260120,20261212
1560,0,0,0,0,0,0,0,20260120,20261212
1561,0,0,0,0,0,0,0,20260120,20261212
1562,1,1,1,1,0,0,1,20260120,20261212
1563,0,0,0,0,0,0,0,20260120,20261212
1564,0,0,0,0,1,1,0,20260120,20261212
1565,0,0,0,0,1,1,0,20260120,20261212
1566,0,0,0,0,0,0,0,20260120,20261212
1567,1,1,1,1,1,1,1,20260120,20261212
1568,1,1,1,1,0,0,1,20260120,20261212
1569,1,1,1,1,1,0,0,20260120,20261212
1570,1,1,1,1,1,0,0,20260120,20261212
1571,1,1,1,1,1,0,0,20260120,20261212
1572,1,1,1,1,1,0,0,20260120,20261212
1573,0,0,0,0,0,1,1,20260120,20261212
1574,1,1,1,1,1,0,0,20260120,20261212
1575,0,0,0,0,0,1,0,20260120,20261212
1576,1,1,1,1,1,1,1,20260120,20261212
1577,1,1,1,1,1,1,1,20260120,20261212
1578,0,0,0,0,0,1,1,20260120,20261212
1579,1,1,1,1,1,0,0,20260120,20261212
1580,1,1,1,1,1,0,0,20260120,20261212
1581,0,0,0,0,0,1,0,20260120,20261212
1582,0,0,0,0,1,0,0,20260120,20261212
1583,1,1,1,1,0,0,0,20260120,20261212
1584,1,1,1,1,1,0,0,20260120,20261212
1585,1,1,1,1,1,1,1,20260120,20261212
1586,1,1,1,1,1,0,0,20260120,20261212
1587,1,1,1,1,1,0,0,20260120,20261212
1588,1,1,1,1,1,0,0,20260120,20261212
1589,1,1,1,1,1,1,1,20260120,20261212
1590,1,1,1,1,0,0,1,20260120,20261212
1591,1,1,1,1,1,0,1,20260120,20261212
1592,0,0,0,0,0,0,0,20260120,20261212
1593,1,1,1,1,1,1,1,20260120,20261212
1594,1,1,1,1,1,1,1,20260120,20261212
1595,1,1,1,1,1,1,1,20260120,20261212
1596,1,1,1,1,1,1,1,20260120,20261212
1597,1,1,1,1,0,0,1,20260120,20261212
1598,1,1,1,1,0,0,1,20260120,20261212
1599,1,1,1,1,1,0,0,20260120,20261212
1600,1,1,1,1,1,1,1,20260120,20261212
1601,1,1,1,1,1,0,0,20260120,20261212
1602,0,0,0,0,0,0,0,20260120,20261212
1603,1,1,1,1,1,1,1,20260120,20261212
1604,1,1,1,1,1,0,0,20260120,20261212
1605,1,1,1,1,1,1,1,20260120,20261212
1606,1,1,1,1,1,1,1,20260120,20261212
1607,0,0,0,0,1,1,0,20260120,20261212
1608,1,1,1,1,1,0,0,20260120,20261212
1609,1,1,1,1,1,0,0,20260120,20261212
1610,0,0,0,0,0,0,0,20260120,20261212
1611,1,1,1,1,0,0,1,20260120,20261212
1612,0,0,0,0,0,1,0,20260120,20261212
1613,0,0,0,0,0,1,1,20260120,20261212
1614,0,0,0,0,0,0,0,20260120,20261212
1615,1,1,1,1,0,0,1,20260120,20261212
1616,0,0,0,0,0,0,0,20260120,20261212
1617,1,1,1,1,0,0,1,20260120,20261212
1618,0,0,0,0,0,0,0,20260120,20261212
1619,0,0,0,0,0,0,0,20260120,20261212
1620,0,0,0,0,0,0,0,20260120,20261212
1621,0,0,0,0,0,0,0,20260120,20261212
1622,0,0,0,0,0,1,0,20260120,20261212
1623,1,1,1,1,1,0,0,20260120,20261212
1624,0,0,0,0,0,0,0,20260120,20261212
1625,1,1,1,1,1,1,0,20260120,20261212
1626,0,0,0,0,0,0,0,20260120,20261212
1627,1,1,1,1,1,0,0,20260120,20261212
1628,0,0,0,0,0,0,0,20260120,20261212
1629,0,0,0,0,0,0,0,20260120,20261212
1630,0,0,0,0,0,0,0,20260120,20261212
1631,1,1,1,1,1,0,0,20260120,20261212
1632,0,0,0,0,0,0,0,20260120,20261212
1633,0,0,0,0,0,0,0,20260120,20261212
1634,1,1,1,1,1,0,0,20260120,20261212
1635,0,0,0,0,0,0,0,20260120,20261212
1636,1,1,1,1,1,0,0,20260120,20261212
1637,1,1,1,1,1,0,0,20260120,20261212
1638,0,0,0,0,0,0,0,20260120,20261212
1639,0,0,0,0,0,0,0,20260120,20261212
1640,1,1,1,1,1,0,0,20260120,20261212
1641,1,1,1,1,1,0,0,20260120,20261212
1642,1,1,1,1,1,0,0,20260120,20261212
1643,0,0,0,0,0,0,0,20260120,20261212
1644,0,0,0,0,0,0,0,20260120,20261212
1645,0,0,0,0,0,0,0,20260120,20261212
1646,0,0,0,0,0,0,1,20260120,20261212
1647,0,0,0,0,0,0,0,20260120,20261212
1648,0,0,0,0,0,0,0,20260120,20261212
1649,0,0,0,0,0,0,1,20260120,20261212
1650,1,1,1,1,1,0,0,20260120,20261212
1651,0,0,0,0,0,0,0,20260120,20261212
1652,1,1,1,1,1,0,0,20260120,20261212
1653,1,1,1,1,1,0,0,20260120,20261212
1654,0,0,0,0,0,0,0,20260120,20261212
1655,0,0,0,0,0,0,0,20260120,20261212
1656,1,1,1,1,1,0,0,20260120,20261212
1657,0,0,0,0,0,0,0,20260120,20261212
1658,1,1,1,1,1,0,0,20260120,20261212
1659,0,0,0,0,0,0,0,20260120,20261212
1660,1,1,1,1,1,1,1,20260120,20261212
1661,0,0,0,0,0,0,0,20260120,20261212
1662,0,0,0,0,0,0,0,20260120,20261212
1663,0,0,0,0,0,0,0,20260120,20261212
1664,1,1,1,1,1,0,1,20260120,20261212
1665,0,0,0,0,0,0,0,20260120,20261212
1666,0,0,0,0,0,0,0,20260120,20261212
1667,1,1,1,1,1,0,0,20260120,20261212
1668,1,1,1,1,1,0,0,20260120,20261212
1669,0,0,0,0,0,0,0,20260120,20261212
1670,0,0,0,0,0,0,0,20260120,20261212
1671,1,1,1,1,1,0,0,20260120,20261212
1672,0,0,0,0,0,0,0,20260120,20261212
1673,0,0,0,0,0,0,0,20260120,20261212
1674,1,1,1,1,1,0,0,20260120,20261212
1675,0,0,0,0,0,0,0,20260120,20261212
1676,1,1,1,1,1,1,1,20260120,20261212
1677,1,1,1,1,1,1,1,20260120,20261212
1678,1,1,1,1,1,1,1,20260120,20261212
1679,0,0,0,0,0,0,0,20260120,20261212
1680,1,1,1,1,1,1,1,20260120,20261212
1681,0,0,0,0,0,0,0,20260120,20261212
1682,0,0,0,0,0,0,0,20260120,20261212
1683,1,1,1,1,0,1,1,20260120,20261212
1684,0,0,0,0,0,0,0,20260120,20261212
1685,0,0,0,0,0,0,0,20260120,20261212
1686,0,0,0,0,1,0,0,20260120,20261212
1687,0,0,0,0,0,0,0,20260120,20261212
1688,0,0,0,0,0,0,0,20260120,20261212
1689,1,1,1,1,1,1,1,20260120,20261212
1690,0,0,0,0,1,0,0,20260120,20261212
1691,0,0,0,0,0,0,0,20260120,20261212
1692,0,0,0,0,0,0,0,20260120,20261212
1693,0,0,0,0,0,0,0,20260120,20261212
1694,0,0,0,0,0,0,0,20260120,20261212
1695,0,0,0,0,0,0,0,20260120,20261212
1696,0,0,0,0,0,0,0,20260120,20261212
1697,1,1,1,1,1,0,0,20260120,20261212
1698,1,1,1,1,1,0,0,20260120,20261212
1699,1,1,1,1,1,0,0,20260120,20261212
1700,1,1,1,1,1,0,0,20260120,20261212
1701,0,0,0,0,0,0,0,20260120,20261212
1702,1,1,1,1,1,0,0,20260120,20261212
1703,0,0,0,0,0,0,0,20260120,20261212
1704,1,1,1,1,1,1,0,20260120,20261212
1705,0,0,0,0,0,0,1,20260120,20261212
1706,1,1,1,1,1,1,1,20260120,20261212
1707,1,1,1,1,1,1,1,20260120,20261212
1708,1,1,1,1,1,1,1,20260120,20261212
1709,1,1,1,1,1,1,1,20260120,20261212
1710,1,1,1,1,1,1,1,20260120,20261212
1711,1,1,1,1,0,0,1,20260120,20261212
1712,0,0,0,0,1,0,0,20260120,20261212
1713,1,1,1,1,0,1,1,20260120,20261212
1714,1,1,1,1,1,1,1,20260120,20261212
1715,1,1,1,1,1,1,1,20260120,20261212
1716,1,1,1,1,1,1,1,20260120,20261212
1717,0,0,0,0,1,1,0,20260120,20261212
1718,1,1,1,1,0,0,1,20260120,20261212
1719,1,1,1,1,1,1,1,20260120,20261212
1720,0,0,0,0,0,0,0,20260120,20261212
1721,1,1,1,1,0,0,1,20260120,20261212
1722,0,0,0,0,1,1,0,20260120,20261212
1723,0,0,0,0,0,0,0,20260120,20261212
1724,0,0,0,0,0,1,0,20260120,20261212
1725,0,0,0,0,0,0,1,20260120,20261212
1726,1,1,1,1,1,0,0,20260120,20261212
1727,1,1,1,1,1,0,0,20260120,20261212
1728,0,0,0,0,0,1,0,20260120,20261212
1729,0,0,0,0,0,1,0,20260120,20261212
1730,1,1,1,1,1,1,0,20260120,20261212
1731,0,0,0,0,0,0,0,20260120,20261212
1732,0,0,0,0,0,0,1,20260120,20261212
1733,1,1,1,1,1,1,0,20260120,20261212
1734,0,0,0,0,0,0,0,20260120,20261212
1735,1,1,1,1,1,1,1,20260120,20261212
1736,1,1,1,1,1,1,1,20260120,20261212
1737,0,0,0,0,0,1,1,20260120,20261212
1738,1,1,1,1,1,1,1,20260120,20261212
1739,1,1,1,1,0,0,0,20260120,20261212
1740,0,0,0,0,1,0,0,20260120,20261212
1741,1,1,1,1,0,1,1,20260120,20261212
1742,0,0,0,0,1,0,0,20260120,20261212
1743,1,1,1,1,1,1,1,20260120,20261212
1744,1,1,1,1,1,1,1,20260120,20261212
1745,1,1,1,1,1,1,1,20260120,20261212
1746,1,1,1,1,1,1,1,20260120,20261212
1747,0,0,0,0,1,1,0,20260120,20261212
1748,0,0,0,0,0,0,0,20260120,20261212
1749,1,1,1,1,1,0,1,20260120,20261212
1750,0,0,0,0,0,1,0,20260120,20261212
1751,0,0,0,0,0,0,0,20260120,20261212
1752,1,1,1,1,0,0,1,20260120,20261212
1753,1,1,1,1,0,0,1,20260120,20261212
1754,0,0,0,0,0,0,0,20260120,20261212
1755,0,0,0,0,1,1,0,20260120,20261212
1756,0,0,0,0,0,1,1,20260120,20261212
1757,0,0,0,0,0,0,1,20260120,20261212
1758,0,0,0,0,0,0,0,20260120,20261212
1759,1,1,1,1,1,0,0,20260120,20261212
1760,1,1,1,1,1,1,0,20260120,20261212
1761,1,1,1,1,1,1,1,20260120,20261212
1762,1,1,1,1,1,1,1,20260120,20261212
1763,1,1,1,1,0,0,1,20260120,20261212
1764,0,0,0,0,1,1,0,20260120,20261212
1765,1,1,1,1,0,0,1,20260120,20261212
1766,0,0,0,0,1,0,0,20260120,20261212
1767,1,1,1,1,1,1,1,20260120,20261212
1768,1,1,1,1,1,1,1,20260120,20261212
1769,0,0,0,0,1,1,1,20260120,20261212
1770,1,1,1,1,0,0,0,20260120,20261212
1771,1,1,1,1,0,0,1,20260120,20261212
1772,1,1,1,1,1,1,1,20260120,20261212
1773,1,1,1,1,1,1,1,20260120,20261212
1774,1,1,1,1,0,0,0,20260120,20261212
1775,0,0,0,0,1,1,0,20260120,20261212
1776,0,0,0,0,0,0,1,20260120,20261212
1777,1,1,1,1,0,0,0,20260120,20261212
1778,0,0,0,0,0,0,0,20260120,20261212
1779,1,1,1,1,0,0,0,20260120,20261212
1780,1,1,1,1,1,0,0,20260120,20261212
1781,0,0,0,0,0,0,0,20260120,20261212
1782,1,1,1,1,1,0,0,20260120,20261212
1783,0,0,0,0,0,0,0,20260120,20261212
1784,0,0,0,0,0,1,0,20260120,20261212
1785,1,1,1,1,1,0,0,20260120,20261212
1786,0,0,0,0,0,0,1,20260120,20261212
1787,1,1,1,1,1,0,0,20260120,20261212
1788,1,1,1,1,1,0,1,20260120,20261212
1789,1,1,1,1,1,1,0,20260120,20261212
1790,1,1,1,1,1,1,1,20260120,20261212
1791,0,0,0,0,0,0,0,20260120,20261212
1792,1,1,1,1,1,1,1,20260120,20261212
1793,0,0,0,0,0,0,0,20260120,20261212
1794,0,0,0,0,0,0,0,20260120,20261212
1795,1,1,1,1,0,0,1,20260120,20261212
1796,1,1,1,1,0,0,1,20260120,20261212
1797,0,0,0,0,0,0,0,20260120,20261212
1798,0,0,0,0,0,1,0,20260120,20261212
1799,0,0,0,0,0,0,0,20260120,20261212
1800,0,0,0,0,0,0,1,20260120,20261212
1801,0,0,0,0,0,0,0,20260120,20261212
1802,0,0,0,0,0,0,0,20260120,20261212
1803,0,0,0,0,0,0,0,20260120,20261212
1804,1,1,1,1,1,0,0,20260120,20261212
1805,0,0,0,0,1,1,1,20260120,20261212
1806,1,1,1,1,0,0,0,20260120,20261212
1807,1,1,1,1,0,0,1,20260120,20261212
1808,0,0,0,0,0,0,0,20260120,20261212
1809,1,1,1,1,0,0,1,20260120,20261212
1810,0,0,0,0,0,0,1,20260120,20261212
1811,0,0,0,0,0,0,1,20260120,20261212
1812,1,1,1,1,0,0,0,20260120,20261212
1813,1,1,1,1,1,1,0,20260120,20261212
1814,0,0,0,0,0,0,1,20260120,20261212
1815,1,1,1,1,1,1,0,20260120,20261212
1816,0,0,0,0,1,1,1,20260120,20261212
1817,1,1,1,1,0,0,0,20260120,20261212
1818,1,1,1,1,1,0,0,20260120,20261212
1819,0,0,0,0,0,0,0,20260120,20261212
1820,0,0,0,0,0,1,0,20260120,20261212
1821,1,1,1,1,1,0,0,20260120,20261212
1822,0,0,0,0,0,0,1,20260120,20261212
1823,1,1,1,1,1,1,0,20260120,20261212
1824,1,1,1,1,1,1,1,20260120,20261212
1825,0,0,0,0,0,0,0,20260120,20261212
1826,1,1,1,1,1,1,1,20260120,20261212
1827,0,0,0,0,0,0,0,20260120,20261212
1828,1,1,1,1,1,1,1,20260120,20261212
1829,1,1,1,1,1,1,1,20260120,20261212
1830,1,1,1,1,0,0,1,20260120,20261212
1831,0,0,0,0,1,1,0,20260120,20261212
1832,1,1,1,1,1,1,1,20260120,20261212
1833,0,0,0,0,0,1,1,20260120,20261212
1834,0,0,0,0,0,0,0,20260120,20261212
1835,0,0,0,0,0,0,0,20260120,20261212
1836,1,1,1,1,1,1,1,20260120,20261212
1837,1,1,1,1,1,1,1,20260120,20261212
1838,0,0,0,0,1,1,1,20260120,20261212
1839,1,1,1,1,1,1,1,20260120,20261212
1840,0,0,0,0,0,0,0,20260120,20261212
1841,0,0,0,0,0,0,0,20260120,20261212
1842,1,1,1,1,0,0,1,20260120,20261212
1843,0,0,0,0,0,0,0,20260120,20261212
1844,0,0,0,0,1,1,0,20260120,20261212
1845,0,0,0,0,0,0,0,20260120,20261212
1846,0,0,0,0,0,0,0,20260120,20261212
1847,0,0,0,0,0,0,0,20260120,20261212
1848,1,1,1,1,1,0,0,20260120,20261212
1849,1,1,1,1,1,1,1,20260120,20261212
1850,0,0,0,0,0,1,0,20260120,20261212
1851,0,0,0,0,0,0,0,20260120,20261212
1852,1,1,1,1,1,0,0,20260120,20261212
1853,0,0,0,0,0,0,0,20260120,20261212
1854,0,0,0,0,0,1,1,20260120,20261212
1855,0,0,0,0,0,0,0,20260120,20261212
1856,0,0,0,0,0,0,1,20260120,20261212
1857,0,0,0,0,0,0,0,20260120,20261212
1858,0,0,0,0,0,0,0,20260120,20261212
1859,0,0,0,0,0,0,0,20260120,20261212
1860,0,0,0,0,0,0,0,20260120,20261212
1861,0,0,0,0,0,0,0,20260120,20261212
1862,0,0,0,0,0,0,0,20260120,20261212
1863,0,0,0,0,0,0,0,20260120,20261212
1864,0,0,0,0,0,0,0,20260120,20261212
1865,0,0,0,0,0,0,0,20260120,20261212
1866,0,0,0,0,0,0,0,20260120,20261212
1867,1,1,1,1,1,0,0,20260120,20261212
1868,0,0,0,0,0,0,0,20260120,20261212
1869,1,1,1,1,1,0,0,20260120,20261212
1870,0,0,0,0,0,0,0,20260120,20261212
1871,1,1,1,1,0,0,0,20260120,20261212
1872,1,1,1,1,0,0,1,20260120,20261212
1873,0,0,0,0,0,0,0,20260120,20261212
1874,0,0,0,0,1,1,0,20260120,20261212
1875,1,1,1,1,1,1,1,20260120,20261212
1876,0,0,0,0,0,0,0,20260120,20261212
1877,1,1,1,1,1,0,0,20260120,20261212
1878,1,1,1,1,1,0,0,20260120,20261212
1879,0,0,0,0,0,0,0,20260120,20261212
1880,0,0,0,0,1,0,0,20260120,20261212
1881,0,0,0,0,0,0,0,20260120,20261212
1882,1,1,1,1,1,0,0,20260120,20261212
1883,0,0,0,0,0,0,0,20260120,20261212
1884,1,1,1,1,1,0,0,20260120,20261212
1885,1,1,1,1,1,0,0,20260120,20261212
1886,0,0,0,0,0,0,0,20260120,20261212
1887,0,0,0,0,0,1,1,20260120,20261212
1888,1,1,1,1,1,0,0,20260120,20261212
1889,0,0,0,0,0,0,0,20260120,20261212
1890,0,0,0,0,0,0,0,20260120,20261212
1891,0,0,0,0,0,1,0,20260120,20261212
1892,0,0,0,0,0,0,0,20260120,20261212
1893,0,0,0,0,0,1,1,20260120,20261212
1894,0,0,0,0,0,1,1,20260120,20261212
1895,0,0,0,0,0,0,1,20260120,20261212
1896,0,0,0,0,0,1,0,20260120,20261212
1897,1,1,1,1,1,1,1,20260120,20261212
1898,0,0,0,0,0,0,0,20260120,20261212
1899,0,0,0,0,0,0,1,20260120,20261212
1900,0,0,0,0,0,1,1,20260120,20261212
1901,1,1,1,1,1,0,0,20260120,20261212
1902,0,0,0,0,0,0,0,20260120,20261212
1903,0,0,0,0,0,0,0,20260120,20261212
1904,0,0,0,0,0,0,0,20260120,20261212
1905,0,0,0,0,0,0,0,20260120,20261212
1906,0,0,0,0,0,0,0,20260120,20261212
1907,0,0,0,0,0,0,0,20260120,20261212
1908,0,0,0,0,0,0,0,20260120,20261212
1909,0,0,0,0,0,0,0,20260120,20261212
1910,0,0,0,0,0,0,0,20260120,20261212
1911,0,0,0,0,0,0,0,20260120,20261212
1912,0,0,0,0,0,0,0,20260120,20261212
1913,0,0,0,0,0,0,0,20260120,20261212
1914,0,0,0,0,0,0,0,20260120,20261212
1915,0,0,0,0,0,0,0,20260120,20261212
1916,0,0,0,0,0,0,0,20260120,20261212
1917,0,0,0,0,0,0,0,20260120,20261212
1918,0,0,0,0,0,0,0,20260120,20261212
1919,0,0,0,0,0,0,0,20260120,20261212
1920,0,0,0,0,0,0,0,20260120,20261212
1921,0,0,0,0,0,0,0,20260120,20261212
1922,0,0,0,0,0,0,0,20260120,20261212
1923,0,0,0,0,0,0,0,20260120,20261212
1924,0,0,0,0,0,0,0,20260120,20261212
1925,0,0,0,0,0,1,0,20260120,20261212
1926,0,0,0,0,0,0,0,20260120,20261212
1927,0,0,0,0,0,0,0,20260120,20261212
1928,0,0,0,0,0,0,0,20260120,20261212
1929,0,0,0,0,0,0,0,20260120,20261212
1930,0,0,0,0,0,0,0,20260120,20261212
1931,0,0,0,0,0,0,0,20260120,20261212
1932,0,0,0,0,0,0,0,20260120,20261212
1933,0,0,0,0,0,0,0,20260120,20261212
1934,0,0,0,0,0,0,0,20260120,20261212
1935,0,0,0,0,0,0,0,20260120,20261212
1936,0,0,0,0,0,0,0,20260120,20261212
1937,0,0,0,0,0,0,0,20260120,20261212
1938,0,0,0,0,0,0,0,20260120,20261212
1939,0,0,0,0,0,0,0,20260120,20261212
1940,0,0,0,0,0,0,0,20260120,20261212
1941,0,0,0,0,0,0,0,20260120,20261212
1942,0,0,0,0,0,0,0,20260120,20261212
1943,0,0,0,0,0,0,0,20260120,20261212
1944,0,0,0,0,0,0,0,20260120,20261212
1945,0,0,0,0,0,0,0,20260120,20261212
1946,0,0,0,0,0,0,0,20260120,20261212
1947,0,0,0,0,0,0,0,20260120,20261212
1948,0,0,0,0,0,0,0,20260120,20261212
1949,0,0,0,0,0,0,0,20260120,20261212
1950,0,0,0,0,0,0,0,20260120,20261212
1951,0,0,0,0,0,0,0,20260120,20261212
1952,0,0,0,0,0,0,0,20260120,20261212
1953,0,0,0,0,0,0,0,20260120,20261212
1954,0,0,0,0,0,0,0,20260120,20261212
1955,0,0,0,0,0,0,0,20260120,20261212
1956,0,0,0,0,0,0,0,20260120,20261212
1957,0,0,0,0,0,0,0,20260120,20261212
1958,0,0,0,0,0,0,0,20260120,20261212
1959,0,0,0,0,0,0,0,20260120,20261212
1960,0,0,0,0,0,0,0,20260120,20261212
1961,0,0,0,0,0,0,0,20260120,20261212
1962,0,0,0,0,0,0,0,20260120,20261212
1963,0,0,0,0,0,0,0,20260120,20261212
1964,0,0,0,0,0,0,0,20260120,20261212
1965,0,0,0,0,0,0,0,20260120,20261212
1966,0,0,0,0,0,0,0,20260120,20261212
1967,0,0,0,0,0,0,0,20260120,20261212
1968,0,0,0,0,0,0,0,20260120,20261212
1969,0,0,0,0,0,0,0,20260120,20261212
1970,0,0,0,0,0,0,0,20260120,20261212
1971,0,0,0,0,0,0,0,20260120,20261212
1972,0,0,0,0,0,0,0,20260120,20261212
1973,0,0,0,0,0,0,0,20260120,20261212
1974,0,0,0,0,0,0,0,20260120,20261212
1975,0,0,0,0,0,0,0,20260120,20261212
1976,0,0,0,0,0,0,0,20260120,20261212
1977,0,0,0,0,0,0,0,20260120,20261212
1978,0,0,0,0,0,0,0,20260120,20261212
1979,0,0,0,0,0,0,0,20260120,20261212
1980,0,0,0,0,0,0,0,20260120,20261212
1981,0,0,0,0,0,0,0,20260120,20261212
1982,0,0,0,0,0,0,0,20260120,20261212
1983,0,0,0,0,0,0,0,20260120,20261212
1984,0,0,0,0,0,0,0,20260120,20261212
1985,0,0,0,0,0,0,0,20260120,20261212
1986,0,0,0,0,0,0,0,20260120,20261212
1987,0,0,0,0,0,0,0,20260120,20261212
1988,0,0,0,0,0,0,0,20260120,20261212
1989,0,0,0,0,0,0,0,20260120,20261212
1990,0,0,0,0,0,0,0,20260120,20261212
1991,0,0,0,0,0,0,0,20260120,20261212
1992,0,0,0,0,0,0,0,20260120,20261212
1993,0,0,0,0,0,0,0,20260120,20261212
1994,0,0,0,0,0,0,0,20260120,20261212
1995,0,0,0,0,0,0,0,20260120,20261212
1996,0,0,0,0,0,0,0,20260120,20261212
1997,0,0,0,0,0,0,0,20260120,20261212
1998,0,0,0,0,0,0,0,20260120,20261212
1999,0,0,0,0,0,0,0,20260120,20261212
2000,0,0,0,0,0,0,0,20260120,20261212
2001,0,0,0,0,0,0,0,20260120,20261212
2002,0,0,0,0,0,0,0,20260120,20261212
2003,0,0,0,0,0,0,0,20260120,20261212
2004,0,0,0,0,0,0,0,20260120,20261212
2005,0,0,0,0,0,0,0,20260120,20261212
2006,0,0,0,0,0,0,0,20260120,20261212
2007,0,0,0,0,0,0,0,20260120,20261212
2008,0,0,0,0,0,0,0,20260120,20261212
2009,0,0,0,0,0,0,0,20260120,20261212
2010,0,0,0,0,0,0,0,20260120,20261212
2011,0,0,0,0,0,0,0,20260120,20261212
2012,0,0,0,0,0,0,0,20260120,20261212
2013,0,0,0,0,0,0,0,20260120,20261212
2014,0,0,0,0,0,0,0,20260120,20261212
2015,0,0,0,0,0,0,0,20260120,20261212
2016,0,0,0,0,0,0,0,20260120,20261212
2017,0,0,0,0,0,0,0,20260120,20261212
2018,0,0,0,0,0,0,0,20260120,20261212
2019,0,0,0,0,0,0,0,20260120,20261212
2020,0,0,0,0,0,0,0,20260120,20261212
2021,0,0,0,0,0,0,0,20260120,20261212
2022,0,0,0,0,0,0,0,20260120,20261212
2023,0,0,0,0,0,0,0,20260120,20261212
2024,0,0,0,0,0,0,0,20260120,20261212
2025,0,0,0,0,0,0,0,20260120,20261212
2026,0,0,0,0,0,0,0,20260120,20261212
2027,0,0,0,0,0,0,0,20260120,20261212
2028,0,0,0,0,0,0,0,20260120,20261212
2029,0,0,0,0,0,0,0,20260120,20261212
2030,0,0,0,0,0,0,0,20260120,20261212
2031,0,0,0,0,0,0,0,20260120,20261212
2032,0,0,0,0,0,0,0,20260120,20261212
2033,0,0,0,0,0,0,0,20260120,20261212
2034,0,0,0,0,0,0,0,20260120,20261212
2035,0,0,0,0,0,0,0,20260120,20261212
2036,0,0,0,0,0,0,0,20260120,20261212
2037,0,0,0,0,0,0,0,20260120,20261212
2038,0,0,0,0,0,0,0,20260120,20261212
2039,0,0,0,0,0,0,0,20260120,20261212
2040,0,0,0,0,0,0,0,20260120,20261212
2041,0,0,0,0,0,0,0,20260120,20261212
2042,0,0,0,0,0,0,0,20260120,20261212
2043,0,0,0,0,0,0,0,20260120,20261212
2044,0,0,0,0,0,0,0,20260120,20261212
2045,0,0,0,0,0,0,0,20260120,20261212
2046,0,0,0,0,0,0,0,20260120,20261212
2047,0,0,0,0,0,0,0,20260120,20261212
2048,0,0,0,0,0,0,0,20260120,20261212
2049,0,0,0,0,0,0,0,20260120,20261212
2050,0,0,0,0,0,0,0,20260120,20261212
2051,0,0,0,0,0,0,0,20260120,20261212
2052,0,0,0,0,0,0,0,20260120,20261212
2053,0,0,0,0,0,0,0,20260120,20261212
2054,0,0,0,0,0,0,0,20260120,20261212
2055,0,0,0,0,0,0,0,20260120,20261212
2056,0,0,0,0,0,0,0,20260120,20261212
2057,0,0,0,0,0,0,0,20260120,20261212
2058,0,0,0,0,0,0,0,20260120,20261212
2059,0,0,0,0,0,0,0,20260120,20261212
2060,0,0,0,0,0,0,0,20260120,20261212
2061,0,0,0,0,0,0,0,20260120,20261212
2062,0,0,0,0,0,0,0,20260120,20261212
2063,0,0,0,0,0,0,0,20260120,20261212
2064,0,0,0,0,0,0,0,20260120,20261212
2065,0,0,0,0,0,0,0,20260120,20261212
2066,0,0,0,0,0,0,0,20260120,20261212
2067,0,0,0,0,0,0,0,20260120,20261212
2068,0,0,0,0,0,0,0,20260120,20261212
2069,0,0,0,0,0,0,0,20260120,20261212
2070,0,0,0,0,0,0,0,20260120,20261212
2071,0,0,0,0,0,0,0,20260120,20261212
2072,0,0,0,0,0,0,0,20260120,20261212
2073,0,0,0,0,0,0,0,20260120,20261212
2074,0,0,0,0,0,0,0,20260120,20261212
2075,0,0,0,0,0,0,0,20260120,20261212
2076,0,0,0,0,0,0,0,20260120,20261212
2077,0,0,0,0,0,0,0,20260120,20261212
2078,0,0,0,0,0,0,0,20260120,20261212
2079,0,0,0,0,0,0,0,20260120,20261212
2080,0,0,0,0,0,0,0,20260120,20261212
2081,0,0,0,0,0,0,0,20260120,20261212
2082,0,0,0,0,0,0,0,20260120,20261212
2083,0,0,0,0,0,0,0,20260120,20261212
2084,0,0,0,0,0,0,0,20260120,20261212
2085,0,0,0,0,0,0,0,20260120,20261212
2086,0,0,0,0,0,0,0,20260120,20261212
2087,0,0,0,0,0,0,0,20260120,20261212
2088,0,0,0,0,0,0,0,20260120,20261212
2089,0,0,0,0,0,0,0,20260120,20261212
2090,0,0,0,0,0,0,0,20260120,20261212
2091,0,0,0,0,0,0,0,20260120,20261212
2092,0,0,0,0,0,0,0,20260120,20261212
2093,0,0,0,0,0,0,0,20260120,20261212
2094,0,0,0,0,0,0,0,20260120,20261212
2095,0,0,0,0,0,0,0,20260120,20261212
2096,0,0,0,0,0,0,0,20260120,20261212
2097,0,0,0,0,0,0,0,20260120,20261212
2098,0,0,0,0,0,0,0,20260120,20261212
2099,0,0,0,0,0,0,0,20260120,20261212
2100,0,0,0,0,0,0,0,20260120,20261212
2101,0,0,0,0,0,0,0,20260120,20261212
2102,0,0,0,0,0,0,0,20260120,20261212
2103,0,0,0,0,0,0,0,20260120,20261212
2104,0,0,0,0,0,0,0,20260120,20261212
2105,0,0,0,0,0,0,0,20260120,20261212
2106,0,0,0,0,0,0,0,20260120,20261212
2107,0,0,0,0,0,0,0,20260120,20261212
2108,0,0,0,0,0,0,0,20260120,20261212
2109,0,0,0,0,0,0,0,20260120,20261212
2110,0,0,0,0,0,0,0,20260120,20261212
2111,0,0,0,0,0,0,0,20260120,20261212
2112,0,0,0,0,0,0,0,20260120,20261212
2113,0,0,0,0,0,0,0,20260120,20261212
2114,0,0,0,0,0,0,0,20260120,20261212
2115,0,0,0,0,0,0,0,20260120,20261212
2116,0,0,0,0,0,0,0,20260120,20261212
2117,0,0,0,0,0,0,0,20260120,20261212
2118,0,0,0,0,0,0,0,20260120,20261212
2119,0,0,0,0,0,0,0,20260120,20261212
2120,0,0,0,0,0,0,0,20260120,20261212
2121,0,0,0,0,0,0,0,20260120,20261212
2122,0,0,0,0,0,0,0,20260120,20261212
2123,0,0,0,0,0,0,0,20260120,20261212
2124,0,0,0,0,0,0,0,20260120,20261212
2125,0,0,0,0,0,0,0,20260120,20261212
2126,0,0,0,0,0,0,0,20260120,20261212
2127,0,0,0,0,0,0,0,20260120,20261212
2128,0,0,0,0,0,0,0,20260120,20261212
2129,0,0,0,0,0,0,0,20260120,20261212
2130,0,0,0,0,0,0,0,20260120,20261212
2131,0,0,0,0,0,0,0,20260120,20261212
2132,0,0,0,0,0,0,0,20260120,20261212
2133,0,0,0,0,0,0,0,20260120,20261212
2134,0,0,0,0,0,0,0,20260120,20261212
2135,0,0,0,0,0,0,0,20260120,20261212
2136,0,0,0,0,0,0,0,20260120,20261212
2137,0,0,0,0,0,0,0,20260120,20261212
2138,0,0,0,0,0,0,0,20260120,20261212
2139,0,0,0,0,0,0,0,20260120,20261212
2140,0,0,0,0,0,0,0,20260120,20261212
2141,0,0,0,0,0,0,0,20260120,20261212
2142,0,0,0,0,0,0,0,20260120,20261212
2143,0,0,0,0,0,0,0,20260120,20261212
2144,0,0,0,0,0,0,0,20260120,20261212
2145,0,0,0,0,0,0,0,20260120,20261212
2146,0,0,0,0,0,0,0,20260120,20261212
2147,0,0,0,0,0,0,0,20260120,20261212
2148,0,0,0,0,0,0,0,20260120,20261212
2149,0,0,0,0,0,0,0,20260120,20261212
2150,0,0,0,0,0,0,0,20260120,20261212
2151,0,0,0,0,0,0,0,20260120,20261212
2152,0,0,0,0,0,0,0,20260120,20261212
2153,0,0,0,0,0,0,0,20260120,20261212
2154,0,0,0,0,0,0,0,20260120,20261212
2155,0,0,0,0,0,0,0,20260120,20261212
2156,0,0,0,0,0,0,0,20260120,20261212
2157,0,0,0,0,0,0,0,20260120,20261212
2158,0,0,0,0,0,0,0,20260120,20261212
2159,0,0,0,0,0,0,0,20260120,20261212
2160,0,0,0,0,0,0,0,20260120,20261212
2161,0,0,0,0,0,0,0,20260120,20261212
2162,0,0,0,0,0,0,0,20260120,20261212
2163,0,0,0,0,0,0,0,20260120,20261212
2164,0,0,0,0,0,0,0,20260120,20261212
2165,0,0,0,0,0,0,0,20260120,20261212
2166,0,0,0,0,0,0,0,20260120,20261212
2167,0,0,0,0,0,0,0,20260120,20261212
2168,0,0,0,0,0,0,0,20260120,20261212
2169,0,0,0,0,0,0,0,20260120,20261212
2170,0,0,0,0,0,0,0,20260120,20261212
2171,0,0,0,0,0,0,0,20260120,20261212
2172,0,0,0,0,0,0,0,20260120,20261212
2173,0,0,0,0,0,0,0,20260120,20261212
2174,0,0,0,0,0,0,0,20260120,20261212
2175,0,0,0,0,0,0,0,20260120,20261212
2176,0,0,0,0,0,0,0,20260120,20261212
2177,0,0,0,0,0,0,0,20260120,20261212
2178,0,0,0,0,0,0,0,20260120,20261212
2179,0,0,0,0,0,0,0,20260120,20261212
2180,0,0,0,0,0,0,0,20260120,20261212
2181,0,0,0,0,0,0,0,20260120,20261212
2182,0,0,0,0,0,0,0,20260120,20261212
2183,0,0,0,0,0,0,0,20260120,20261212
2184,0,0,0,0,0,0,0,20260120,20261212
2185,0,0,0,0,0,0,0,20260120,20261212
2186,0,0,0,0,0,0,0,20260120,20261212
2187,0,0,0,0,0,0,0,20260120,20261212
2188,0,0,0,0,0,0,0,20260120,20261212
2189,0,0,0,0,0,0,0,20260120,20261212
2190,0,0,0,0,0,0,0,20260120,20261212
2191,0,0,0,0,0,0,0,20260120,20261212
2192,0,0,0,0,0,0,0,20260120,20261212
2193,0,0,0,0,0,0,0,20260120,20261212
2194,0,0,0,0,0,0,0,20260120,20261212
2195,0,0,0,0,0,0,0,20260120,20261212
2196,0,0,0,0,0,0,0,20260120,20261212
2197,0,0,0,0,0,0,0,20260120,20261212
2198,0,0,0,0,0,0,0,20260120,20261212
2199,0,0,0,0,0,0,0,20260120,20261212
2200,0,0,0,0,0,0,0,20260120,20261212
2201,0,0,0,0,0,0,0,20260120,20261212
2202,0,0,0,0,0,0,0,20260120,20261212
2203,0,0,0,0,0,0,0,20260120,20261212
2204,0,0,0,0,0,0,0,20260120,20261212
2205,0,0,0,0,0,0,0,20260120,20261212
2206,0,0,0,0,0,0,0,20260120,20261212
2207,0,0,0,0,0,0,0,20260120,20261212
2208,0,0,0,0,0,0,0,20260120,20261212
2209,0,0,0,0,0,0,0,20260120,20261212
2210,0,0,0,0,0,0,0,20260120,20261212
2211,0,0,0,0,0,0,0,20260120,20261212
2212,0,0,0,0,0,0,0,20260120,20261212
2213,0,0,0,0,0,0,0,20260120,20261212
2214,0,0,0,0,0,0,0,20260120,20261212
2215,0,0,0,0,0,0,0,20260120,20261212
2216,0,0,0,0,0,0,0,20260120,20261212
2217,0,0,0,0,0,0,0,20260120,20261212
2218,0,0,0,0,0,0,0,20260120,20261212
2219,0,0,0,0,0,0,0,20260120,20261212
2220,0,0,0,0,0,0,0,20260120,20261212
2221,0,0,0,0,0,0,0,20260120,20261212
2222,0,0,0,0,0,0,0,20260120,20261212
2223,0,0,0,0,0,0,0,20260120,20261212
2224,0,0,0,0,0,0,0,20260120,20261212
2225,0,0,0,0,0,0,0,20260120,20261212
2226,0,0,0,0,0,0,0,20260120,20261212
2227,0,0,0,0,0,0,0,20260120,20261212
2228,0,0,0,0,0,0,0,20260120,20261212
2229,0,0,0,0,0,0,0,20260120,20261212
2230,0,0,0,0,0,0,0,20260120,20261212
2231,0,0,0,0,0,0,0,20260120,20261212
2232,0,0,0,0,0,0,0,20260120,20261212
2233,0,0,0,0,0,0,0,20260120,20261212
2234,0,0,0,0,0,0,0,20260120,20261212
2235,0,0,0,0,0,0,0,20260120,20261212
2236,0,0,0,0,0,0,0,20260120,20261212
2237,0,0,0,0,0,0,0,20260120,20261212
2238,0,0,0,0,0,0,0,20260120,20261212
2239,0,0,0,0,0,0,0,20260120,20261212
2240,0,0,0,0,0,0,0,20260120,20261212
2241,0,0,0,0,0,0,0,20260120,20261212
2242,0,0,0,0,0,0,0,20260120,20261212
2243,0,0,0,0,0,0,0,20260120,20261212
2244,0,0,0,0,0,0,0,20260120,20261212
2245,0,0,0,0,0,0,0,20260120,20261212
2246,0,0,0,0,0,0,0,20260120,20261212
2247,0,0,0,0,0,0,0,20260120,20261212
2248,0,0,0,0,0,0,0,20260120,20261212
2249,0,0,0,0,0,0,0,20260120,20261212
2250,0,0,0,0,0,0,0,20260120,20261212
2251,0,0,0,0,0,0,0,20260120,20261212
2252,0,0,0,0,0,0,0,20260120,20261212
2253,0,0,0,0,0,0,0,20260120,20261212
2254,0,0,0,0,0,0,0,20260120,20261212
2255,0,0,0,0,0,0,0,20260120,20261212
2256,0,0,0,0,0,0,0,20260120,20261212
2257,0,0,0,0,0,0,0,20260120,20261212
2258,0,0,0,0,0,0,0,20260120,20261212
2259,0,0,0,0,0,0,0,20260120,20261212
2260,0,0,0,0,0,0,0,20260120,20261212
2261,0,0,0,0,0,0,0,20260120,20261212
2262,0,0,0,0,0,0,0,20260120,20261212
2263,0,0,0,0,0,0,0,20260120,20261212
2264,0,0,0,0,0,0,0,20260120,20261212
2265,0,0,0,0,0,0,0,20260120,20261212
2266,0,0,0,0,0,0,0,20260120,20261212
2267,0,0,0,0,0,0,0,20260120,20261212
2268,0,0,0,0,0,0,0,20260120,20261212
2269,0,0,0,0,0,0,0,20260120,20261212
2270,0,0,0,0,0,0,0,20260120,20261212
2271,0,0,0,0,0,0,0,20260120,20261212
2272,0,0,0,0,0,0,0,20260120,20261212
2273,0,0,0,0,0,0,0,20260120,20261212
2274,0,0,0,0,0,0,0,20260120,20261212
2275,0,0,0,0,0,0,0,20260120,20261212
2276,0,0,0,0,0,0,0,20260120,20261212
2277,0,0,0,0,0,0,0,20260120,20261212
2278,0,0,0,0,0,0,0,20260120,20261212
2279,0,0,0,0,0,0,0,20260120,20261212
2280,0,0,0,0,0,0,0,20260120,20261212
2281,0,0,0,0,0,0,0,20260120,20261212
2282,0,0,0,0,0,0,0,20260120,20261212
2283,0,0,0,0,0,0,0,20260120,20261212
2284,0,0,0,0,0,0,0,20260120,20261212
2285,0,0,0,0,0,0,0,20260120,20261212
2286,0,0,0,0,0,0,0,20260120,20261212
2287,0,0,0,0,0,0,0,20260120,20261212
2288,0,0,0,0,0,0,0,20260120,20261212
2289,0,0,0,0,0,0,0,20260120,20261212
2290,0,0,0,0,0,0,0,20260120,20261212
2291,0,0,0,0,0,0,0,20260120,20261212
2292,0,0,0,0,0,0,0,20260120,20261212
2293,0,0,0,0,0,0,0,20260120,20261212
2294,0,0,0,0,0,0,0,20260120,20261212
2295,0,0,0,0,0,0,0,20260120,20261212
2296,0,0,0,0,0,0,0,20260120,20261212
2297,0,0,0,0,0,0,0,20260120,20261212
2298,0,0,0,0,0,0,0,20260120,20261212
2299,0,0,0,0,0,0,0,20260120,20261212
2300,0,0,0,0,0,0,0,20260120,20261212
2301,0,0,0,0,0,0,0,20260120,20261212
2302,0,0,0,0,0,0,0,20260120,20261212
2303,0,0,0,0,0,0,0,20260120,20261212
2304,0,0,0,0,0,0,0,20260120,20261212
2305,0,0,0,0,0,0,0,20260120,20261212
2306,0,0,0,0,0,0,0,20260120,20261212
2307,0,0,0,0,0,0,0,20260120,20261212
2308,0,0,0,0,0,0,0,20260120,20261212
2309,0,0,0,0,0,0,0,20260120,20261212
2310,0,0,0,0,0,0,0,20260120,20261212
2311,0,0,0,0,0,0,0,20260120,20261212
2312,0,0,0,0,0,0,0,20260120,20261212
2313,0,0,0,0,0,0,0,20260120,20261212
2314,0,0,0,0,0,0,0,20260120,20261212
2315,0,0,0,0,0,0,0,20260120,20261212
2316,0,0,0,0,0,0,0,20260120,20261212
2317,0,0,0,0,0,0,0,20260120,20261212
2318,0,0,0,0,0,0,0,20260120,20261212
2319,0,0,0,0,0,0,0,20260120,20261212
2320,0,0,0,0,0,0,0,20260120,20261212
2321,0,0,0,0,0,0,0,20260120,20261212
2322,0,0,0,0,0,0,0,20260120,20261212
2323,0,0,0,0,0,0,0,20260120,20261212
2324,0,0,0,0,0,0,0,20260120,20261212
2325,0,0,1,1,0,0,0,20260120,20261212
2326,0,0,0,0,0,0,0,20260120,20261212
2327,0,0,0,0,0,0,0,20260120,20261212
2328,0,0,0,0,0,0,0,20260120,20261212
2329,0,0,0,0,0,0,0,20260120,20261212
2330,1,1,1,1,1,0,0,20260120,20261212
2331,0,0,0,0,0,0,0,20260120,20261212
2332,0,0,0,0,0,0,0,20260120,20261212
2333,0,0,0,0,0,0,0,20260120,20261212
2334,0,0,0,0,0,0,0,20260120,20261212
2335,1,1,1,1,1,0,0,20260120,20261212
2336,0,0,0,0,0,0,0,20260120,20261212
2337,1,1,1,1,1,0,0,20260120,20261212
2338,0,0,0,0,0,0,0,20260120,20261212
2339,0,1,1,1,1,0,0,20260120,20261212
2340,1,1,1,1,1,0,0,20260120,20261212
2341,0,0,0,0,0,0,0,20260120,20261212
2342,0,0,0,0,0,0,0,20260120,20261212
2343,0,0,0,0,0,0,0,20260120,20261212
2344,0,0,0,0,0,0,0,20260120,20261212
2345,0,0,0,0,0,0,0,20260120,20261212
2346,0,0,0,0,0,0,0,20260120,20261212
2347,1,1,1,1,1,0,0,20260120,20261212
2348,0,1,0,1,0,0,0,20260120,20261212
2349,0,0,0,0,0,0,0,20260120,20261212
2350,0,0,0,0,0,0,0,20260120,20261212
2351,0,0,0,0,0,1,0,20260120,20261212
2352,0,0,0,0,0,1,1,20260120,20261212
2353,0,0,0,0,0,0,0,20260120,20261212
2354,0,0,0,0,0,0,0,20260120,20261212
2355,1,1,1,1,1,0,0,20260120,20261212
2356,0,0,0,0,0,1,1,20260120,20261212
2357,0,0,0,0,0,1,0,20260120,20261212
2358,0,1,1,1,1,0,0,20260120,20261212
2359,0,0,0,0,0,0,0,20260120,20261212
2360,0,0,0,0,0,0,0,20260120,20261212
2361,0,0,0,0,0,0,0,20260120,20261212
2362,0,0,0,0,0,1,0,20260120,20261212
2363,0,0,0,0,0,0,0,20260120,20261212
2364,0,0,0,0,0,0,0,20260120,20261212
2365,1,1,1,1,1,0,0,20260120,20261212
2366,0,1,1,1,1,0,0,20260120,20261212
2367,0,0,0,0,0,0,0,20260120,20261212
2368,0,0,0,0,0,0,0,20260120,20261212
2369,0,1,1,1,1,0,0,20260120,20261212
2370,0,0,0,0,0,0,0,20260120,20261212
2371,1,1,1,1,1,0,0,20260120,20261212
2372,0,0,0,0,0,0,0,20260120,20261212
2373,0,0,0,0,0,0,0,20260120,20261212
2374,0,0,0,0,0,0,0,20260120,20261212
2375,0,0,0,0,0,0,0,20260120,20261212
2376,0,0,0,0,0,0,0,20260120,20261212
2377,1,1,1,1,1,0,0,20260120,20261212
2378,0,0,0,0,0,0,0,20260120,20261212
2379,0,0,0,0,0,0,0,20260120,20261212
2380,0,0,0,0,0,0,0,20260120,20261212
2381,1,1,1,1,1,0,0,20260120,20261212
2382,0,0,0,0,0,0,0,20260120,20261212
2383,1,1,1,1,1,1,0,20260120,20261212
2384,0,0,0,0,0,0,0,20260120,20261212
2385,0,0,0,0,0,0,1,20260120,20261212
2386,0,0,0,0,0,0,0,20260120,20261212
2387,1,1,1,1,1,1,1,20260120,20261212
2388,0,0,0,0,0,0,0,20260120,20261212
2389,1,1,1,1,1,1,1,20260120,20261212
2390,1,1,1,1,1,1,1,20260120,20261212
2391,0,0,0,0,0,0,0,20260120,20261212
2392,0,0,0,0,1,1,0,20260120,20261212
2393,1,1,1,1,0,0,1,20260120,20261212
2394,0,0,0,0,0,0,0,20260120,20261212
2395,0,0,0,0,0,0,0,20260120,20261212
2396,0,0,0,0,0,0,0,20260120,20261212
2397,0,0,0,0,0,0,0,20260120,20261212
2398,0,0,0,0,0,0,0,20260120,20261212
2399,0,0,0,0,0,0,0,20260120,20261212
2400,1,1,1,1,1,1,1,20260120,20261212
2401,0,0,0,0,0,0,0,20260120,20261212
2402,0,0,0,0,0,0,0,20260120,20261212
2403,0,0,0,0,0,0,0,20260120,20261212
2404,1,1,1,1,1,1,1,20260120,20261212
2405,1,1,1,1,1,0,0,20260120,20261212
2406,0,0,0,0,0,1,1,20260120,20261212
2407,1,1,1,1,1,0,0,20260120,20261212
2408,0,0,0,0,0,0,0,20260120,20261212
2409,0,0,0,0,1,0,0,20260120,20261212
2410,0,0,0,0,0,0,0,20260120,20261212
2411,1,1,1,1,1,1,0,20260120,20261212
2412,0,0,0,0,0,0,0,20260120,20261212
2413,1,1,1,1,1,0,0,20260120,20261212
2414,0,0,0,0,0,0,0,20260120,20261212
2415,0,0,0,0,0,0,0,20260120,20261212
2416,1,1,1,1,0,1,1,20260120,20261212
2417,0,0,0,0,0,0,0,20260120,20261212
2418,1,1,1,1,1,0,0,20260120,20261212
2419,0,0,0,0,0,1,0,20260120,20261212
2420,0,0,0,0,1,1,0,20260120,20261212
2421,0,0,0,0,0,0,0,20260120,20261212
2422,0,0,0,0,0,0,0,20260120,20261212
2423,1,1,1,1,1,1,1,20260120,20261212
2424,0,0,0,0,0,0,0,20260120,20261212
2425,1,1,1,1,1,1,1,20260120,20261212
2426,1,1,1,1,1,1,1,20260120,20261212
2427,1,1,1,1,1,0,0,20260120,20261212
2428,1,1,1,1,1,0,0,20260120,20261212
2429,0,0,0,0,0,0,0,20260120,20261212
2430,1,1,1,1,1,0,0,20260120,20261212
2431,0,0,0,0,0,0,1,20260120,20261212
2432,0,0,0,0,0,0,0,20260120,20261212
2433,0,0,0,0,0,0,0,20260120,20261212
2434,0,0,0,0,0,0,0,20260120,20261212
2435,0,0,0,0,0,0,0,20260120,20261212
2436,0,0,0,0,0,0,0,20260120,20261212
2437,1,1,1,1,1,1,0,20260120,20261212
2438,1,0,1,0,1,0,0,20260120,20261212
2439,0,1,0,1,0,0,0,20260120,20261212
2440,0,0,0,0,0,0,0,20260120,20261212
2441,0,0,0,0,0,0,0,20260120,20261212
2442,0,0,0,0,0,0,0,20260120,20261212
2443,1,1,1,1,1,1,0,20260120,20261212
2444,1,1,1,1,1,1,1,20260120,20261212
2445,1,1,1,1,1,1,1,20260120,20261212
2446,0,0,0,0,0,0,0,20260120,20261212
2447,1,1,1,1,1,0,0,20260120,20261212
2448,0,0,0,0,0,1,0,20260120,20261212
2449,0,0,0,0,0,1,0,20260120,20261212
2450,0,0,0,0,0,0,1,20260120,20261212
2451,0,0,0,0,0,0,0,20260120,20261212
2452,0,0,0,0,0,0,0,20260120,20261212
2453,0,0,0,0,0,0,1,20260120,20261212
2454,0,0,0,0,0,0,0,20260120,20261212
2455,0,0,0,0,0,0,0,20260120,20261212
2456,0,1,0,0,0,0,0,20260120,20261212
2457,0,0,0,0,0,0,0,20260120,20261212
2458,0,0,0,0,0,0,0,20260120,20261212
2459,0,0,0,0,0,0,0,20260120,20261212
2460,1,1,0,0,0,0,0,20260120,20261212
2461,0,0,0,0,0,0,0,20260120,20261212
2462,1,1,0,0,0,0,1,20260120,20261212
2463,0,0,0,0,0,0,0,20260120,20261212
2464,0,0,0,0,0,0,0,20260120,20261212
2465,0,0,0,0,0,0,0,20260120,20261212
2466,0,0,0,0,0,0,0,20260120,20261212
2467,0,0,0,0,0,0,0,20260120,20261212
2468,0,0,0,0,0,0,1,20260120,20261212
